8.58306884732e-08, 1.50972306728, 0.0270463172346, -0.655440151691, 0.0831375271082, 0.0250635892153, -0.996160387993, -0.0111597077921
8.58306884732e-08, 1.51186454296, 0.0274141896516, -0.656780123711, 0.0812877714634, 0.0229646321386, -0.996369600296, -0.0106049403548
0.0160000858307, 1.51431000233, 0.0288827139884, -0.657845377922, 0.0922195985913, 0.0175370257348, -0.995584189892, 0.000253541162238
0.0160000858307, 1.51482832432, 0.0288897491992, -0.657774984837, 0.0919651836157, 0.0174640696496, -0.995608985424, 0.00047486834228
0.0310000858307, 1.51910185814, 0.0315555296838, -0.659436106682, 0.126700475812, -0.0118552036583, -0.99173104763, 0.0166110694408
0.0470000858307, 1.52141737938, 0.032506942749, -0.659928262234, 0.143162876368, -0.0188193600625, -0.989481508732, 0.00875506363809
0.0630000858307, 1.52384090424, 0.0331224948168, -0.660477757454, 0.15439979732, -0.0224411897361, -0.987742543221, 0.00464347749949
0.0630000858307, 1.52691566944, 0.0333339832723, -0.661104977131, 0.162726789713, -0.044747069478, -0.985581934452, -0.0120800193399
0.0630000858307, 1.52995669842, 0.0328903049231, -0.661569476128, 0.173045828938, -0.0614771842957, -0.982447683811, -0.0327462926507
0.0780000858307, 1.532584548, 0.0303142815828, -0.661858201027, 0.181732133031, -0.129448622465, -0.971633315086, -0.0783913955092
0.0780000858307, 1.53517651558, 0.0291777160019, -0.662389099598, 0.185919553041, -0.124226234853, -0.97095811367, -0.0850998535752
0.0940000858307, 1.5376008749, 0.0279552098364, -0.663335978985, 0.188016831875, -0.103578008711, -0.973576426506, -0.0779109895229
0.0940000858307, 1.54064190388, 0.0293916910887, -0.664730906487, 0.184047371149, -0.0167503617704, -0.981471955776, -0.0505840480328
0.109000085831, 1.54362678528, 0.0287771038711, -0.666455507278, 0.184615522623, -0.0165568701923, -0.980950295925, -0.0581321120262
0.109000085831, 1.54622960091, 0.0275732632726, -0.668124079704, 0.179685816169, 0.00337572465651, -0.983113408089, -0.0344892628491
0.125000085831, 1.54824793339, 0.0270876325667, -0.669685065746, 0.171994030476, 0.0168957430869, -0.984612464905, -0.025900406763
0.125000085831, 1.5504591465, 0.0276702474803, -0.670590043068, 0.179698899388, 0.0161439441144, -0.983027696609, -0.0332313254476
0.141000085831, 1.55280458927, 0.027278220281, -0.671389400959, 0.192538648844, -0.0820531994104, -0.97627979517, -0.0554433912039
0.141000085831, 1.55520248413, 0.0303036551923, -0.672840774059, 0.207148864865, 0.0024491166696, -0.978292226791, 0.00526524940506
0.156000085831, 1.55748546124, 0.0308733768761, -0.673899769783, 0.219741478562, -0.0176000744104, -0.975376844406, -0.00661430088803
0.156000085831, 1.55970203876, 0.0314592048526, -0.67461758852, 0.22942212224, -0.0140108130872, -0.973212957382, -0.00507272593677
0.172000085831, 1.56213402748, 0.031838439405, -0.67587518692, 0.236143559217, -0.022268390283, -0.971377789974, -0.012867167592
0.172000085831, 1.56508147717, 0.0314884372056, -0.677019953728, 0.23992626369, -0.0382343381643, -0.969698131084, -0.0256752558053
0.187000085831, 1.56785678864, 0.0305739771575, -0.678346633911, 0.249306961894, -0.0540544614196, -0.965950906277, -0.0431640222669
0.203000085831, 1.57029509544, 0.0296149272472, -0.67972099781, 0.255675554276, -0.0461361035705, -0.964597582817, -0.0453077927232
0.203000085831, 1.57274484634, 0.0291373375803, -0.681191027164, 0.259001165628, -0.0359916836023, -0.963851392269, -0.0511234179139
0.219000085831, 1.57528495789, 0.0289054382592, -0.682776093483, 0.262249648571, -0.0121563775465, -0.963753759861, -0.0474967770278
0.219000085831, 1.5782020092, 0.0289992466569, -0.684793889523, 0.26504573226, -0.00777516514063, -0.962488055229, -0.0575067140162
0.234000085831, 1.58111381531, 0.0288435723633, -0.686974644661, 0.267944872379, 0.000227019190788, -0.961486041546, -0.0612382143736
0.234000085831, 1.58384394646, 0.0282400678843, -0.68973749876, 0.274282336235, -0.00202271156013, -0.960009694099, -0.0560925640166
0.250000085831, 1.58610546589, 0.0276238527149, -0.692035794258, 0.272648274899, 0.0173144806176, -0.961032569408, -0.0421846471727
0.250000085831, 1.58843135834, 0.0277776904404, -0.694415569305, 0.284058302641, 0.0268996879458, -0.957946479321, -0.0304297655821
0.265000085831, 1.59090614319, 0.0281249564141, -0.6972874403, 0.292676717043, 0.024035975337, -0.955825507641, -0.0126618873328
0.281000085831, 1.59385144711, 0.0289990007877, -0.699677944183, 0.305702537298, 0.031350672245, -0.951603293419, -0.00378784537315
0.297000085831, 1.59714794159, 0.0300019066781, -0.702318489552, 0.318243741989, 0.0208763536066, -0.947685182095, -0.0133379073814
0.297000085831, 1.60080289841, 0.0301351416856, -0.705130934715, 0.325175851583, 0.00722876098007, -0.945404350758, -0.0204722620547
0.297000085831, 1.60449314117, 0.0299370381981, -0.707967281342, 0.34143319726, -0.0102597940713, -0.939304769039, -0.0320109128952
0.297000085831, 1.60833692551, 0.0296623315662, -0.711082696915, 0.351524680853, -0.0354332253337, -0.934719562531, -0.0383965186775
0.328000085831, 1.61203169823, 0.0293157231063, -0.71429926157, 0.359992772341, -0.056664288044, -0.930376887321, -0.0399144664407
0.328000085831, 1.61531746387, 0.028972171247, -0.717306554317, 0.357903599739, -0.0404916219413, -0.932594358921, -0.0230907201767
0.328000085831, 1.61787569523, 0.0287549588829, -0.720953285694, 0.361975550652, -0.0334392562509, -0.931486785412, -0.0137075679377
0.343000085831, 1.62067222595, 0.0280152596533, -0.724179148674, 0.357880115509, -0.0152867808938, -0.933637201786, -0.00312375556678
0.343000085831, 1.62315225601, 0.026610057801, -0.727693200111, 0.363561540842, -0.000563289853744, -0.931567490101, 0.00215969374403
0.359000085831, 1.62554466724, 0.0260201394558, -0.730278491974, 0.370767533779, -0.00373803032562, -0.928684592247, -0.0079036122188
0.359000085831, 1.62816691399, 0.0269894469529, -0.732121169567, 0.380487084389, 0.00653467560187, -0.924736142159, -0.00705836154521
0.390000085831, 1.63041234016, 0.0286117102951, -0.73458057642, 0.395762890577, 0.00491529423743, -0.91832536459, 0.0051045389846
0.390000085831, 1.632640481, 0.0299155395478, -0.737073004246, 0.408254772425, -4.27656341344e-05, -0.912860751152, 0.00365693960339
0.390000085831, 1.63511228561, 0.0312238615006, -0.739649057388, 0.418324261904, 0.00590160116553, -0.908278107643, -0.000945018604398
0.390000085831, 1.63761329651, 0.0317457579076, -0.742655396461, 0.42408490181, 0.00283925514668, -0.905611813068, 0.00335296662524
0.406000085831, 1.64032649994, 0.0317287109792, -0.745812237263, 0.436449229717, -0.0148062733933, -0.899589419365, -0.00562432594597
0.406000085831, 1.64294016361, 0.0305514149368, -0.748928427696, 0.444109320641, 3.06871952489e-05, -0.895963430405, 0.00406214874238
0.421000085831, 1.64588296413, 0.0294961556792, -0.752300977707, 0.450812876225, -0.0339843668044, -0.891773760319, -0.0187729913741
0.421000085831, 1.6486672163, 0.0282080564648, -0.755772650242, 0.45720243454, -0.0385179370642, -0.88821798563, -0.0234770402312
0.437000085831, 1.65145909786, 0.0267477668822, -0.759213507175, 0.457971543074, -0.0244554579258, -0.888255655766, -0.0258039496839
0.453000085831, 1.65360283852, 0.0252689030021, -0.763202667236, 0.454526185989, -0.0224282965064, -0.890130102634, -0.0239010676742
0.453000085831, 1.65480458736, 0.0243571493775, -0.766478955746, 0.446970582008, 0.00750881200656, -0.894510865211, 0.00334937660955
0.468000085831, 1.65644466877, 0.0254591703415, -0.768955469131, 0.445847213268, 0.00370543124154, -0.895099818707, 0.00168502191082
0.468000085831, 1.65824735165, 0.0274518094957, -0.771693944931, 0.460078299046, -0.00219522719271, -0.887797951698, 0.0117463702336
0.484000085831, 1.65991854668, 0.0290765594691, -0.773919939995, 0.466983824968, 0.00570360291749, -0.884103953838, 0.0159280858934
0.484000085831, 1.6618449688, 0.0302797202021, -0.776322603226, 0.475220620632, -0.00543429376557, -0.879835903645, -0.00495553761721
0.499000085831, 1.66364347935, 0.0314219929278, -0.778968453407, 0.480264633894, 0.00914069823921, -0.8769749403, -0.0133135700598
0.499000085831, 1.66575038433, 0.0319777615368, -0.781703174114, 0.484651148319, 0.000290074385703, -0.87451004982, -0.0185859426856
0.515000085831, 1.66794776917, 0.0317540094256, -0.784736394882, 0.491716325283, -0.00971010141075, -0.87025898695, -0.0277489777654
0.515000085831, 1.66973865032, 0.0304777249694, -0.788005709648, 0.501018941402, -0.023165281862, -0.864190340042, -0.0402311310172
0.531000085831, 1.67188429832, 0.0289400052279, -0.791221141815, 0.504369020462, -0.0265010278672, -0.862104058266, -0.0410620421171
0.531000085831, 1.6735471487, 0.0271705333143, -0.794906079769, 0.508403539658, 0.00056913588196, -0.860855698586, -0.0212842822075
0.546000085831, 1.67519462109, 0.0258436538279, -0.798743188381, 0.506838142872, -0.00564229255542, -0.861909866333, -0.0139496373013
0.562000085831, 1.67659676075, 0.0245018284768, -0.803268909454, 0.502576053143, 0.021340219304, -0.864243686199, 0.00668370258063
0.562000085831, 1.67736899853, 0.0221237931401, -0.806542694569, 0.499135255814, -0.0605351105332, -0.86177110672, -0.0674537718296
0.577000085831, 1.67836987972, 0.0250025652349, -0.808887779713, 0.507884800434, -0.00535788852721, -0.861352682114, -0.00979619193822
0.577000085831, 0.0, 0.0, 0.0, 0.0, 0.0, 0.0, 0.0
0.593000085831, 0.0, 0.0, 0.0, 0.0, 0.0, 0.0, 0.0
0.593000085831, 0.0, 0.0, 0.0, 0.0, 0.0, 0.0, 0.0
0.609000085831, 0.0, 0.0, 0.0, 0.0, 0.0, 0.0, 0.0
0.609000085831, 0.0, 0.0, 0.0, 0.0, 0.0, 0.0, 0.0
0.624000085831, 1.68695056438, 0.0308573022485, -0.828234434128, 0.565924108028, 0.0351396985352, -0.821808993816, -0.0559022463858
0.624000085831, 1.689037323, 0.0314820893109, -0.831846892834, 0.575380861759, -0.0178106501698, -0.814213097095, -0.0753447711468
0.640000085831, 1.69103515148, 0.0312728062272, -0.835530519485, 0.580343544483, -0.0630982220173, -0.807665288448, -0.0830465182662
0.640000085831, 1.69216477871, 0.0306964553893, -0.839451551437, 0.583101928234, -0.08709025383, -0.805080533028, -0.0652135685086
0.655000085831, 1.69291961193, 0.0293630901724, -0.843233525753, 0.589226782322, -0.0820356532931, -0.803049385548, -0.0345485880971
0.655000085831, 1.69275712967, 0.0269084237516, -0.846392214298, 0.594393730164, -0.0639254748821, -0.801624596119, -0.00275240652263
0.671000085831, 1.69283914566, 0.0261832810938, -0.848072946072, 0.593619287014, -0.0189438275993, -0.804298579693, 0.0190006606281
0.687000085831, 1.69340956211, 0.0263045988977, -0.85089713335, 0.613315463066, 0.0168549586087, -0.788775801659, 0.037319753319
0.687000085831, 1.69410192966, 0.0267264787108, -0.853439807892, 0.622545421124, 0.00747357308865, -0.782375335693, 0.016437118873
0.702000085831, 0.0, 0.0, 0.0, 0.0, 0.0, 0.0, 0.0
0.702000085831, 0.0, 0.0, 0.0, 0.0, 0.0, 0.0, 0.0
0.718000085831, 0.0, 0.0, 0.0, 0.0, 0.0, 0.0, 0.0
0.718000085831, 0.0, 0.0, 0.0, 0.0, 0.0, 0.0, 0.0
0.733000085831, 0.0, 0.0, 0.0, 0.0, 0.0, 0.0, 0.0
0.733000085831, 1.69767141342, 0.0268888492137, -0.869785606861, 0.650324523449, -0.024727281183, -0.759252429008, 0.00151437427849
0.765000085831, 1.69761800766, 0.0266387835145, -0.872779011726, 0.645080387592, -0.0364067368209, -0.763116240501, -0.0141260931268
0.765000085831, 1.6975556612, 0.0271034948528, -0.87559980154, 0.637453615665, -0.0192610807717, -0.769678533077, -0.0296110063791
0.765000085831, 1.69775319099, 0.0269382745028, -0.879081130028, 0.640375912189, -0.0099839232862, -0.766708731651, -0.0444596335292
0.765000085831, 1.69771206379, 0.0258912369609, -0.882554590702, 0.640451729298, -0.0217328369617, -0.765348792076, -0.0599202811718
0.796000085831, 1.69717121124, 0.0245502758771, -0.885734558105, 0.637143552303, -0.00419371947646, -0.768777430058, -0.0548798590899
0.796000085831, 1.69694149494, 0.0243928879499, -0.888600826263, 0.644019246101, -0.0033638831228, -0.76360887289, -0.0461441725492
0.796000085831, 1.69675624371, 0.0248902160674, -0.891810715199, 0.654289603233, -0.0124745210633, -0.755581140518, -0.0290953349322
0.811000085831, 1.69635438919, 0.0256987232715, -0.895089268684, 0.665470898151, -0.0326288416982, -0.74571031332, -0.000170880928636
0.811000085831, 1.69624352455, 0.0271200370044, -0.897755026817, 0.673600971699, -0.00949471443892, -0.738787472248, 0.0190964899957
0.827000085831, 1.69625806808, 0.0282216332853, -0.900857388973, 0.690004944801, -0.0161988493055, -0.723188579082, 0.0250817295164
0.827000085831, 1.69634413719, 0.0289331208915, -0.904307484627, 0.694897651672, -0.0667265579104, -0.715935051441, 0.0100906547159
0.843000085831, 1.69666528702, 0.029508356005, -0.907104074955, 0.705048143864, -0.0520287789404, -0.707238435745, 0.00372759439051
0.843000085831, 1.69690239429, 0.029424874112, -0.910648822784, 0.710760951042, -0.0957395732403, -0.696831524372, -0.00886345282197
0.858000085831, 1.69664001465, 0.0283686202019, -0.914021372795, 0.721491038799, -0.076686039567, -0.688138842583, -0.00591058284044
0.858000085831, 0.0, 0.0, 0.0, 0.0, 0.0, 0.0, 0.0
0.874000085831, 0.0, 0.0, 0.0, 0.0, 0.0, 0.0, 0.0
0.874000085831, 0.0, 0.0, 0.0, 0.0, 0.0, 0.0, 0.0
0.890000085831, 0.0, 0.0, 0.0, 0.0, 0.0, 0.0, 0.0
0.890000085831, 0.0, 0.0, 0.0, 0.0, 0.0, 0.0, 0.0
0.905000085831, 1.69088411331, 0.0228883642703, -0.933221042156, 0.751617491245, -0.00645017623901, -0.658745884895, -0.0329147577286
0.905000085831, 1.6901832819, 0.0237010531127, -0.936217188835, 0.758621156216, -0.000669188797474, -0.650875687599, -0.02922889404
0.921000085831, 1.68905520439, 0.0249992236495, -0.939729213715, 0.768084406853, 0.0032073832117, -0.640273153782, -0.00929404329509
0.936000085831, 1.6884316206, 0.0258008558303, -0.942367732525, 0.768793582916, -0.0347951725125, -0.63854187727, 0.00315035320818
0.936000085831, 1.68790602684, 0.0273773297668, -0.945246040821, 0.776513695717, -0.0270953699946, -0.629322290421, 0.0156794041395
0.952000085831, 1.68725395203, 0.0281731579453, -0.948203206062, 0.78110909462, -0.0436373464763, -0.622750580311, 0.0120851593092
0.952000085831, 1.6864964962, 0.0292439814657, -0.951535761356, 0.785522758961, -0.0396408140659, -0.616957902908, 0.02730502747
0.968000085831, 1.68599712849, 0.0292542502284, -0.955158174038, 0.787961184978, -0.0638018846512, -0.611878573895, 0.0255141481757
0.968000085831, 1.68545389175, 0.028321320191, -0.958561778069, 0.791054546833, -0.06987182796, -0.607501327991, 0.017112666741
0.983000085831, 1.68506443501, 0.0273118074983, -0.961943268776, 0.791727602482, -0.0824060514569, -0.605275094509, 0.00434226542711
0.983000085831, 1.68424415588, 0.0259324852377, -0.96508449316, 0.792969942093, -0.0596321597695, -0.606267690659, -0.0090682823211
1.01400008583, 1.68307757378, 0.0241410490125, -0.968348383904, 0.795201539993, -0.04319370538, -0.604354023933, -0.0233433581889
1.01400008583, 1.68189013004, 0.0224121827632, -0.971723854542, 0.797836720943, -0.00758856907487, -0.6018460989, -0.0343530885875
1.01400008583, 1.68048167229, 0.0210267771035, -0.974775850773, 0.796169400215, -0.00731205567718, -0.604388773441, -0.0278382115066
1.01400008583, 1.67935264111, 0.0214359760284, -0.977186381817, 0.797285437584, -0.029456531629, -0.602231442928, -0.0280292127281
1.04600008583, 1.67839586735, 0.0226865205914, -0.979450047016, 0.802052497864, -0.00359014887363, -0.59662514925, -0.0271548554301
1.04600008583, 1.6768848896, 0.024101536721, -0.982078790665, 0.80789899826, 0.0102572329342, -0.588793456554, -0.0227190963924
1.04600008583, 1.6761187315, 0.0253885071725, -0.984934329987, 0.812600135803, 0.0130263492465, -0.582168757915, -0.0243068151176
1.06100008583, 1.67516851425, 0.0273113027215, -0.988040208817, 0.819978237152, 0.0113803753629, -0.571305096149, -0.0334165468812
1.06100008583, 1.67364609241, 0.0285921469331, -0.991305172443, 0.823332667351, 0.026942750439, -0.565705180168, -0.0370801351964
1.07700008583, 1.67246687412, 0.0291732493788, -0.99459117651, 0.829621493816, 0.0105094658211, -0.557005286217, -0.0369173064828
1.07700008583, 1.6711575985, 0.0290130395442, -0.998302161694, 0.836389303207, -0.0130056673661, -0.546270549297, -0.043269302696
1.09200008583, 1.66965687275, 0.0289090126753, -1.00230228901, 0.843164980412, -0.0520563647151, -0.533470273018, -0.0420996174216
1.09200008583, 1.66826295853, 0.028102401644, -1.00641167164, 0.845124423504, -0.0754573494196, -0.527825593948, -0.0383540764451
1.10800008583, 1.66649246216, 0.0265441406518, -1.01030337811, 0.849455535412, -0.0839666128159, -0.52007073164, -0.0300231147557
1.10800008583, 1.66458749771, 0.0242244526744, -1.01373052597, 0.857379198074, -0.0756593793631, -0.50888890028, -0.0144419670105
1.12400008583, 1.66225171089, 0.0213908646256, -1.01620554924, 0.862109184265, -0.0266880616546, -0.506019353867, 0.000210584141314
1.12400008583, 1.66078865528, 0.0197348371148, -1.01837861538, 0.862896859646, -0.0280002932996, -0.504587352276, -0.00409338902682
1.13900008583, 1.65937077999, 0.0219706166536, -1.02060997486, 0.87121874094, 0.0207095071673, -0.490389555693, 0.00818858668208
1.13900008583, 1.65796732903, 0.0237490516156, -1.02301824093, 0.878265559673, -0.00124539062381, -0.477196663618, 0.0305185057223
1.15500008583, 1.65677797794, 0.0255786310881, -1.02530014515, 0.883002579212, -0.0250782780349, -0.467638611794, 0.0314902290702
1.15500008583, 1.65579795837, 0.0271424446255, -1.02739202976, 0.887574076653, -0.0439681150019, -0.458068370819, 0.0212714374065
1.17000008583, 1.65418875217, 0.0286796931177, -1.02980947495, 0.890837848186, -0.0528235547245, -0.451084643602, 0.0118467034772
1.18600008583, 1.65262365341, 0.0289634820074, -1.03260922432, 0.891390323639, -0.092159345746, -0.443596035242, 0.0123448483646
1.18600008583, 1.65100395679, 0.0283597372472, -1.03511166573, 0.890389740467, -0.131693631411, -0.435518413782, 0.0136603042483
1.20200008583, 1.6488929987, 0.0277738254517, -1.03778660297, 0.898264586926, -0.0946377664804, -0.429102808237, 0.00591932237148
1.20200008583, 1.64671111107, 0.0262218527496, -1.03988146782, 0.900435328484, -0.0916233807802, -0.425106346607, 0.0102952253073
1.21700008583, 1.64439761639, 0.0240431521088, -1.04161775112, 0.902032315731, -0.0678321570158, -0.426282167435, 0.0044632833451
1.21700008583, 1.64191806316, 0.0221474412829, -1.04367160797, 0.909710049629, -0.0114990370348, -0.414816617966, -0.0149176185951
1.23300008583, 1.63907265663, 0.0201025400311, -1.04552328587, 0.912680208683, 0.00674056587741, -0.408195376396, -0.018600512296
1.23300008583, 1.63714826107, 0.0192759316415, -1.04698038101, 0.913932144642, -0.01649226062, -0.405229866505, -0.0156457275152
1.26400008583, 1.63568103313, 0.0202423147857, -1.04841661453, 0.919436573982, -0.0216658953577, -0.392328172922, -0.015670504421
1.26400008583, 1.63391840458, 0.0214512925595, -1.04995250702, 0.922664046288, -0.0186253786087, -0.385114222765, -0.00557949580252
1.28000008583, 1.63236427307, 0.0243266113102, -1.05117750168, 0.928122162819, 0.0273383930326, -0.371171534061, -0.00857522711158
1.28000008583, 1.63204038143, 0.0331917442381, -1.04703772068, 0.684207439423, 0.425832182169, -0.590360760689, -0.0447367578745
1.28000008583, 1.62638151646, 0.0259060934186, -1.03823125362, 0.884546041489, -6.421841681e-05, 0.462007373571, 0.0642448142171
1.29500008583, 1.62718892097, 0.02581346035, -1.03549957275, 0.0138920042664, -0.987293064594, -0.0272341035306, 0.155941396952
1.29500008583, 1.62572824955, 0.0278059132397, -1.05827510357, 0.933623850346, -0.0298779476434, -0.356990396976, 0.00341105880216
1.31100008583, 1.62381088734, 0.0271918773651, -1.06030607224, 0.934122204781, -0.0488694272935, -0.353579223156, 0.00305805634707
1.31100008583, 1.62163841724, 0.0259524434805, -1.06209170818, 0.933930397034, -0.0520541481674, -0.353576600552, -0.00691298395395
1.32600008583, 1.6194319725, 0.0246883984655, -1.06421244144, 0.935295164585, -0.0607064217329, -0.348445445299, -0.011108616367
1.32600008583, 1.61698782444, 0.0234809145331, -1.06581187248, 0.932422399521, -0.0521048791707, -0.356963485479, -0.021226497367
1.34200008583, 1.61412835121, 0.0231302026659, -1.0677626133, 0.934745013714, -0.0332617387176, -0.352046906948, -0.0347622223198
1.34200008583, 1.6108161211, 0.0223501995206, -1.06957697868, 0.933666825294, -0.0313404724002, -0.35517308116, -0.0337057262659
1.35800008583, 0.0, 0.0, 0.0, 0.0, 0.0, 0.0, 0.0
1.35800008583, 0.0, 0.0, 0.0, 0.0, 0.0, 0.0, 0.0
1.37300008583, 0.0, 0.0, 0.0, 0.0, 0.0, 0.0, 0.0
1.37300008583, 0.0, 0.0, 0.0, 0.0, 0.0, 0.0, 0.0
1.38900008583, 0.0, 0.0, 0.0, 0.0, 0.0, 0.0, 0.0
1.38900008583, 1.59754240513, 0.0270663276315, -1.07911205292, 0.937100708485, -0.0176133029163, -0.348060250282, -0.0196478199214
1.40400008583, 1.59498226643, 0.0274733267725, -1.08103716373, 0.938811063766, -0.0153232682496, -0.343154162169, -0.025382431224
1.42000008583, 1.59259235859, 0.0273309834301, -1.08346450329, 0.942660152912, -0.0249971710145, -0.331658542156, -0.0277406275272
1.42000008583, 1.59026932716, 0.026414103806, -1.08578884602, 0.944010138512, -0.0507281348109, -0.325076013803, -0.0244330279529
1.43600008583, 1.58748781681, 0.0254717562348, -1.08801662922, 0.946015059948, -0.0481605231762, -0.319543987513, -0.025053055957
1.43600008583, 1.5846965313, 0.0248289741576, -1.09016931057, 0.947457015514, -0.0529965423048, -0.314987868071, -0.0172986499965
1.45100008583, 1.58179104328, 0.0246453937143, -1.09170544147, 0.947285056114, -0.036122571677, -0.318065077066, -0.0134473200887
1.45100008583, 1.57860374451, 0.0253023989499, -1.09303236008, 0.945634484291, -0.0178285781294, -0.324516683817, -0.0121008288115
1.46700008583, 1.57530605793, 0.0258378181607, -1.09396624565, 0.943633437157, -0.0161274559796, -0.330310314894, -0.0138231748715
1.46700008583, 1.572234869, 0.0258361231536, -1.09431242943, 0.9387845397, -0.0263918619603, -0.343247294426, -0.0129776615649
1.48200008583, 1.56907176971, 0.025069443509, -1.09461808205, 0.93334454298, 0.0274363290519, -0.357550531626, -0.0165188349783
1.49800008583, 1.56713962555, 0.0248044915497, -1.0951256752, 0.927232801914, 0.0332529693842, -0.372887611389, -0.00939637608826
1.51400008583, 1.5658416748, 0.0251800250262, -1.09569633007, 0.925496280193, 0.00827633496374, -0.378617495298, 0.00609125103801
1.51400008583, 1.56457126141, 0.0258460342884, -1.09653389454, 0.919868886471, -0.02511725761, -0.39127355814, 0.0107325064018
1.51400008583, 1.56295859814, 0.0270502213389, -1.09766149521, 0.909909248352, -0.0495309643447, -0.411816507578, 0.0043714530766
1.51400008583, 1.56105148792, 0.0273910798132, -1.09907817841, 0.899020552635, -0.0760758072138, -0.431244850159, 0.0015288554132
1.54500008583, 1.5590159893, 0.0272618290037, -1.10045278072, 0.885986745358, -0.100759007037, -0.452628880739, 0.00148165598512
1.54500008583, 1.55671739578, 0.026643184945, -1.10121393204, 0.872787356377, -0.0631383657455, -0.483992367983, -0.00269207730889
1.54500008583, 1.55463004112, 0.0263136681169, -1.10177624226, 0.862236380577, -0.0390048101544, -0.504903137684, -0.00999385025352
1.56000008583, 1.55169987679, 0.025067768991, -1.10142028332, 0.821762859821, -0.0739734917879, -0.563300132751, -0.0438918396831
1.56000008583, 1.5497174263, 0.0256793331355, -1.10421681404, 0.84816211462, -0.0327227637172, -0.527225553989, -0.0397917181253
1.57600008583, 1.54770171642, 0.0256402548403, -1.10561072826, 0.847646594048, -0.0130824688822, -0.529129981995, -0.0366803705692
1.57600008583, 0.0, 0.0, 0.0, 0.0, 0.0, 0.0, 0.0
1.59200008583, 0.0, 0.0, 0.0, 0.0, 0.0, 0.0, 0.0
1.59200008583, 0.0, 0.0, 0.0, 0.0, 0.0, 0.0, 0.0
1.60700008583, 0.0, 0.0, 0.0, 0.0, 0.0, 0.0, 0.0
1.60700008583, 0.0, 0.0, 0.0, 0.0, 0.0, 0.0, 0.0
1.62300008583, 1.53795182705, 0.0282487217337, -1.11732947826, 0.897366344929, 0.00400447985157, -0.440754234791, 0.0212914403528
1.62300008583, 1.53689289093, 0.0247616358101, -1.12086653709, 0.8668872118, -0.177042990923, -0.369445353746, 0.284028947353
1.63800008583, 1.53494870663, 0.029568830505, -1.12161064148, 0.909178614616, -0.0203252993524, -0.415286362171, 0.0227686800063
1.63800008583, 1.53315734863, 0.0298333670944, -1.12403893471, 0.91246175766, -0.0364847704768, -0.40712839365, 0.0181366056204
1.65400008583, 1.5312666893, 0.0294892899692, -1.12700378895, 0.915385723114, -0.0616559386253, -0.397565960884, 0.0144509812817
1.67000008583, 1.5292891264, 0.0285755097866, -1.12940073013, 0.918231010437, -0.0482042469084, -0.393049538136, 0.00633626058698
1.67000008583, 1.52740335464, 0.0279844608158, -1.13129103184, 0.918150246143, -0.0475677102804, -0.39336374402, -0.00156900286674
1.68500008583, 1.52488493919, 0.0278518702835, -1.13278102875, 0.91520434618, -0.00148147717118, -0.402621358633, -0.0171724315733
1.68500008583, 1.5382630825, 0.00315333320759, -1.14521825314, -0.0220400765538, 0.211808234453, -0.532977998257, -0.818893194199
1.70100008583, 1.51971209049, 0.0262927487493, -1.13697516918, 0.912617743015, -0.0210504718125, -0.403784155846, -0.0603668428957
1.70100008583, 1.51668345928, 0.0256164595485, -1.13885486126, 0.911236345768, -0.0271995738149, -0.407475829124, -0.0535906776786
1.71600008583, 1.51406025887, 0.025374289602, -1.14078950882, 0.910664021969, -0.0351265184581, -0.408927798271, -0.0472774915397
1.71600008583, 1.5113837719, 0.025477476418, -1.14293646812, 0.914558947086, -0.0221806485206, -0.401803255081, -0.0405478514731
1.74800008583, 0.0, 0.0, 0.0, 0.0, 0.0, 0.0, 0.0
1.74800008583, 0.0, 0.0, 0.0, 0.0, 0.0, 0.0, 0.0
1.76300008583, 0.0, 0.0, 0.0, 0.0, 0.0, 0.0, 0.0
1.76300008583, 0.0, 0.0, 0.0, 0.0, 0.0, 0.0, 0.0
1.76300008583, 0.0, 0.0, 0.0, 0.0, 0.0, 0.0, 0.0
1.76300008583, 1.4927918911, 0.0291299670935, -1.15878784657, 0.939677655697, -0.0573828816414, -0.337149083614, -0.00660449080169
1.77900008583, 1.48930382729, 0.0287934299558, -1.16178166866, 0.941854953766, -0.0720159485936, -0.328202575445, 0.00242089852691
1.79400008583, 1.48580622673, 0.0284636840224, -1.16434037685, 0.944359362125, -0.0588892698288, -0.32360047102, -0.000571729615331
1.79400008583, 1.48205900192, 0.0281825680286, -1.16689527035, 0.945789992809, -0.0447924099863, -0.32157355547, -0.00808764994144
1.81000008583, 1.47800588608, 0.0276532843709, -1.16942501068, 0.946856379509, -0.0509013049304, -0.317301392555, -0.0138516006991
1.81000008583, 1.47380840778, 0.0266512408853, -1.17135572433, 0.946419537067, -0.00758287869394, -0.321473002434, -0.0297935754061
1.82600008583, 1.47043764591, 0.0260410495102, -1.17281389236, 0.942551136017, -0.0160797834396, -0.332685321569, -0.0256787408143
1.82600008583, 1.46786773205, 0.0265297126025, -1.17511534691, 0.945446014404, -0.0156777650118, -0.324325531721, -0.0264392886311
1.84100008583, 1.46515369415, 0.0285494178534, -1.17709505558, 0.952371954918, 0.0178893003613, -0.303451418877, -0.0241840519011
1.84100008583, 1.46266400814, 0.0301280077547, -1.17937362194, 0.956196308136, -0.00205473811366, -0.292678773403, -0.00486254831776
1.85700008583, 1.46035039425, 0.0314603485167, -1.18178677559, 0.960007429123, -0.0291808918118, -0.278441846371, 0.00210420321673
1.85700008583, 1.45746386051, 0.0323153622448, -1.18405389786, 0.961423754692, -0.0360186621547, -0.272588729858, 0.00790375098586
1.87200008583, 1.45429992676, 0.0325779654086, -1.18667650223, 0.963716089725, -0.0194915998727, -0.266138076782, 0.00646237097681
1.87200008583, 1.45125174522, 0.0319441482425, -1.1891824007, 0.965478599072, -0.0424179323018, -0.256380259991, 0.0179165787995
1.88800008583, 1.44787240028, 0.0308922398835, -1.19152486324, 0.966613709927, -0.0475041307509, -0.250224113464, 0.028091147542
1.90400008583, 1.44460523129, 0.0295686647296, -1.1931656599, 0.967656970024, -0.0375251360238, -0.248995825648, 0.0152645464987
1.90400008583, 1.44156229496, 0.0291159115732, -1.19492971897, 0.969218790531, -0.0290078688413, -0.244449749589, -0.0042218035087
1.91900008583, 1.43808412552, 0.0285907387733, -1.19665849209, 0.969254970551, -0.0508746393025, -0.24014095962, -0.0169947389513
1.91900008583, 1.43423438072, 0.0275680534542, -1.19802439213, 0.969740092754, -0.0426202267408, -0.238176643848, -0.0325480625033
1.93500008583, 1.43080401421, 0.0269489176571, -1.19869875908, 0.96913766861, -0.0095923487097, -0.241581276059, -0.0481538213789
1.93500008583, 1.4282592535, 0.0273128896952, -1.19984078407, 0.970326900482, -0.0478573143482, -0.234627887607, -0.0335419587791
1.95000008583, 1.42536091805, 0.028405752033, -1.20137512684, 0.974084496498, -0.0387027263641, -0.220942378044, -0.0290855709463
1.95000008583, 1.42250871658, 0.0297018308192, -1.20274305344, 0.97805672884, -0.00486235786229, -0.206773862243, -0.0250193551183
1.98200008583, 1.41998291016, 0.0305029824376, -1.20449399948, 0.982051432133, -0.0182330291718, -0.187462836504, -0.0100134750828
1.98200008583, 1.41747438908, 0.0312428064644, -1.20611560345, 0.984674155712, -0.0255932826549, -0.172325149179, -0.00811057165265
1.98200008583, 1.41443359852, 0.0313972570002, -1.20762789249, 0.98572987318, -0.0316539295018, -0.165314093232, -0.00244844192639
1.98200008583, 1.41133618355, 0.030902845785, -1.20960247517, 0.986256718636, -0.0577410906553, -0.153824940324, 0.0173635147512
1.99700008583, 1.40809285641, 0.0301563125104, -1.21145606041, 0.987396657467, -0.0710066705942, -0.138855531812, 0.0269264336675
1.99700008583, 1.40504074097, 0.0293293297291, -1.21273469925, 0.99014621973, -0.0536166839302, -0.127972573042, 0.0189386121929
2.01300008583, 1.40208029747, 0.0295076593757, -1.21402466297, 0.990583837032, -0.0631263405085, -0.120794810355, 0.0129375625402
2.02800008583, 1.39888000488, 0.0295417290181, -1.2150349617, 0.991337299347, -0.0673024207354, -0.112618125975, 0.00615735538304
2.02800008583, 1.39526438713, 0.0297372154891, -1.21599853039, 0.991731762886, -0.0738471597433, -0.103802494705, -0.0154828801751
2.04400008583, 1.39143371582, 0.0293368231505, -1.21653056145, 0.992202758789, -0.0699732154608, -0.0989944115281, -0.0289411265403
2.04400008583, 1.38778138161, 0.0287192240357, -1.21665084362, 0.991944551468, -0.076876193285, -0.0971748307347, -0.0263263396919
2.06000008583, 1.38452923298, 0.0282297153026, -1.21634161472, 0.992854714394, -0.0401018969715, -0.101741448045, -0.0477497093379
2.06000008583, 1.38132786751, 0.0283041093498, -1.21636939049, 0.994188189507, -0.042210008949, -0.0910248681903, -0.0390205346048
2.07500008583, 1.37750911713, 0.0285262577236, -1.21609687805, 0.995567023754, -0.0176769793034, -0.0858786478639, -0.0340419188142
2.07500008583, 1.37384057045, 0.0295387301594, -1.21607518196, 0.997188925743, -0.0114209065214, -0.0700276643038, -0.0240825526416
2.09100008583, 1.36972677708, 0.0308744348586, -1.21667683125, 0.997399747372, -0.0443745441735, -0.0567224435508, 0.00270904763602
2.09100008583, 1.3651894331, 0.0314490757883, -1.21690917015, 0.99846124649, -0.0314440317452, -0.0441224761307, 0.0118139814585
2.10600008583, 1.36066925526, 0.0310698412359, -1.21738040447, 0.995660483837, -0.0728117078543, -0.0337591134012, 0.0471082404256
2.10600008583, 1.35637128353, 0.0301603991538, -1.21738290787, 0.995858967304, -0.0715163275599, -0.0291198939085, 0.0479828603566
2.12200008583, 1.35230624676, 0.030112138018, -1.21762502193, 0.99612569809, -0.0724024549127, -0.019105989486, 0.0461137853563
2.12200008583, 1.34827363491, 0.0295375678688, -1.2170290947, 0.999364972115, -0.0314600206912, -0.0162940640002, 0.00378546956927
2.13800008583, 1.34396255016, 0.0287412032485, -1.21706104279, 0.997807025909, -0.0640661269426, -0.00841480121017, 0.0143449008465
2.15300008583, 1.33966934681, 0.0275120344013, -1.21661305428, 0.998285114765, -0.0581018067896, -0.007137990091, -0.000297884223983
2.15300008583, 1.33613061905, 0.0264851935208, -1.21581065655, 0.998534739017, -0.0529829226434, -0.00973773747683, -0.00512813683599
2.16900008583, 1.33281195164, 0.0268886648118, -1.21549272537, 0.999005198479, -0.0402504429221, -0.00706222560257, -0.0178516320884
2.16900008583, 1.32936930656, 0.0280347485095, -1.21526539326, 0.999485373497, -0.0312907621264, 0.00332090281881, -0.00622084271163
2.18400008583, 1.32620573044, 0.0296962503344, -1.21495079994, 0.999698877335, 0.010380233638, 0.0192890260369, -0.0110595077276
2.18400008583, 1.32308101654, 0.0310259554535, -1.21503961086, 0.999364852905, 0.0072746835649, 0.0345188751817, -0.00501666264609
2.21600008583, 1.31977820396, 0.0320221297443, -1.21495139599, 0.998928248882, 0.00942930951715, 0.0447593405843, -0.00707868440077
2.21600008583, 1.31670045853, 0.0308772753924, -1.21429753304, 0.997723460197, -0.0592704825103, 0.0218085460365, 0.0236466582865
2.23100008583, 1.31208789349, 0.0324594639242, -1.21538197994, 0.996782124043, -0.0321325957775, 0.0598791949451, 0.0425125434995
2.23100008583, 1.30841481686, 0.0314704626799, -1.21507155895, 0.996827185154, -0.0168280489743, 0.0750513747334, 0.0204843375832
2.23100008583, 1.30456364155, 0.0304591897875, -1.21560418606, 0.996065676212, -0.0383430458605, 0.0767603442073, 0.0221567153931
2.23100008583, 1.30122733116, 0.0293822158128, -1.21531128883, 0.99577575922, -0.0404601357877, 0.0815650746226, 0.0118635846302
2.24700008583, 1.29812383652, 0.0285127647221, -1.21434545517, 0.996300935745, -0.035784214735, 0.0777776166797, 0.00739882327616
2.24700008583, 1.29532635212, 0.0281029399484, -1.21320354939, 0.997131943703, -0.0250240918249, 0.0714220106602, 0.000686178915203
2.26200008583, 1.29268920422, 0.0270853657275, -1.21169948578, 0.998277902603, -0.00198874226771, 0.0584927089512, -0.00398993166164
2.27800008583, 1.29054689407, 0.0266960691661, -1.21055579185, 0.998855888844, 0.00830507092178, 0.0468611679971, -0.004696035292
2.27800008583, 1.28957033157, 0.025115609169, -1.20954084396, 0.994065403938, -0.0977229997516, 0.00666135083884, 0.0473257862031
2.29400008583, 1.28735506535, 0.0280254073441, -1.21004605293, 0.997889637947, -0.0290093477815, 0.0308355651796, 0.049233995378
2.29400008583, 1.2853345871, 0.0294684898108, -1.21000874043, 0.998785912991, -0.0255630109459, 0.0111442338675, 0.0406092368066
2.30900008583, 1.28317308426, 0.0309403780848, -1.20998251438, 0.99558365345, -0.0656070932746, -0.00214374251664, 0.0671142265201
2.30900008583, 1.28120779991, 0.0317290537059, -1.21044993401, 0.987317621708, -0.125878155231, -0.0125625329092, 0.0959208458662
2.32500008583, 1.27942848206, 0.0324069447815, -1.20991110802, 0.992478013039, -0.0978008881211, -0.0250973831862, 0.0692277252674
2.32500008583, 1.27776741982, 0.0326000489295, -1.2091562748, 0.994515836239, -0.0752635002136, -0.0363943316042, 0.0628419443965
2.34000008583, 1.27599096298, 0.0322667248547, -1.20816481113, 0.996659994125, -0.0456347726285, -0.0498514249921, 0.0458368882537
2.34000008583, 1.27537620068, 0.0287436265498, -1.19873905182, 0.894847273827, 0.432983219624, 0.0154524743557, -0.107401207089
2.35600008583, 1.27225267887, 0.0301757194102, -1.20702815056, 0.997759282589, -0.00401395140216, -0.0658916309476, -0.010888889432
2.35600008583, 1.27051019669, 0.0282639041543, -1.20666575432, 0.996502995491, -0.0142762800679, -0.0771894752979, -0.0286305248737
2.37200008583, 1.27009856701, 0.0271292962134, -1.20632946491, 0.995721697807, 0.0179157853127, -0.0844484642148, -0.0329536795616
2.37200008583, 1.26693177223, 0.0263166930526, -1.20736932755, 0.996511101723, -0.044406350702, -0.0700837001204, -0.00904664769769
2.38700008583, 1.26504135132, 0.0265795383602, -1.2077511549, 0.998203217983, -0.0306050442159, -0.0514366291463, -0.00280182366259
2.40300008583, 1.25676214695, 0.0251047499478, -1.19312393665, 0.115152813494, -0.927256643772, -0.0197931677103, -0.355728924274
2.40300008583, 1.26044797897, 0.0275086313486, -1.20727133751, 0.997612059116, -0.0543706938624, -0.0404288731515, 0.0133996419609
2.41800008583, 1.25825738907, 0.0286390259862, -1.20729458332, 0.997747778893, -0.0523091033101, -0.0365015715361, 0.0207558684051
2.41800008583, 1.25604653358, 0.0312304310501, -1.20757114887, 0.999450147152, 0.0284839868546, -0.00841574929655, -0.0147329326719
2.43400008583, 1.25369465351, 0.0319954045117, -1.2082105875, 0.999148786068, -0.0335488654673, -0.00914361700416, 0.022194352001
2.45000008583, 1.25072395802, 0.0325248651206, -1.20848858356, 0.998315751553, -0.0507348515093, -0.00993591733277, 0.026323100552
2.46500008583, 1.24759340286, 0.0319168530405, -1.20859670639, 0.996993243694, -0.0708512440324, -0.00442663021386, 0.0310640353709
2.46500008583, 1.24480521679, 0.0305673610419, -1.20830523968, 0.995109200478, -0.0871797949076, -0.00301828514785, 0.0463488064706
2.46500008583, 1.24208319187, 0.0293769668788, -1.20760703087, 0.99740755558, -0.0625003352761, -0.0071819475852, 0.03493129462
2.46500008583, 1.23925888538, 0.0282044298947, -1.20646584034, 0.99979364872, -0.0163351166993, -0.00832549016923, -0.00874246656895
2.48100008583, 1.23615121841, 0.0273967068642, -1.20616912842, 0.997129619122, -0.0734392628074, -0.00824210047722, 0.0164718292654
2.48100008583, 1.23264789581, 0.0266974810511, -1.20534205437, 0.997008383274, -0.0766016915441, -0.00612790230662, 0.00830840039998
2.51200008583, 1.22940063477, 0.0257315933704, -1.2040668726, 0.998221874237, -0.0587537139654, -0.0100367031991, 0.000525067618582
2.51200008583, 1.22662436962, 0.0261646006256, -1.20324754715, 0.998226940632, -0.0585994869471, -0.0104495035484, 0.000210330064874
2.51200008583, 1.22385799885, 0.0273493472487, -1.20282423496, 0.999072670937, -0.042849779129, -0.00322137377225, -0.00270298868418
2.52800008583, 0.0, 0.0, 0.0, 0.0, 0.0, 0.0, 0.0
2.52800008583, 0.0, 0.0, 0.0, 0.0, 0.0, 0.0, 0.0
2.54300008583, 0.0, 0.0, 0.0, 0.0, 0.0, 0.0, 0.0
2.54300008583, 0.0, 0.0, 0.0, 0.0, 0.0, 0.0, 0.0
2.55900008583, 0.0, 0.0, 0.0, 0.0, 0.0, 0.0, 0.0
2.55900008583, 1.20359385014, 0.0306931789964, -1.20185446739, 0.998209536076, -0.0390148237348, 0.0432189367712, 0.0137061430141
2.57400008583, 1.19972980022, 0.0291721969843, -1.20143091679, 0.998447060585, -0.0310576446354, 0.0449365824461, 0.0109328627586
2.57400008583, 1.19603288174, 0.0279519222677, -1.20092666149, 0.998054265976, -0.0372106805444, 0.0476513616741, 0.0152440462261
2.59000008583, 1.19234824181, 0.0276572965086, -1.20028400421, 0.998270392418, -0.0243659000844, 0.0533249489963, -0.00435178540647
2.59000008583, 1.18831634521, 0.0273706782609, -1.1995973587, 0.997916102409, -0.029598152265, 0.0539376437664, -0.0194462053478
2.60600008583, 1.18398249149, 0.0270670112222, -1.19876933098, 0.996849894524, -0.0602616593242, 0.0515577085316, -0.000838882755488
2.60600008583, 1.18018639088, 0.0265733394772, -1.19724977016, 0.998188257217, -0.0382043756545, 0.0447476990521, -0.0125815710053
2.62100008583, 1.17235946655, 0.026816599071, -1.20050549507, 0.998816907406, -0.0404774099588, 0.0232544001192, -0.013624208048
2.63700008583, 1.173787117, 0.0278312657028, -1.19563794136, 0.998542070389, -0.0253228768706, 0.0466253496706, -0.00992745533586
2.63700008583, 1.17083323002, 0.0287418421358, -1.19440734386, 0.986951768398, 0.10121884197, 0.0629601329565, -0.108244046569
2.65200008583, 1.16664147377, 0.0301486626267, -1.19408857822, 0.997929334641, 0.00659882742912, 0.0558784529567, -0.0311597026885
2.65200008583, 1.16257953644, 0.0310415662825, -1.19326257706, 0.997364997864, 0.00856105238199, 0.0596240274608, -0.0404320545495
2.66800008583, 1.15823197365, 0.0312953144312, -1.19285917282, 0.997831285, -0.00728997588158, 0.0582149922848, -0.0298393145204
2.66800008583, 1.15366613865, 0.0307620093226, -1.19227910042, 0.997316479683, -0.0313688628376, 0.0649398565292, -0.0126020722091
2.68400008583, 1.14897871017, 0.0301623884588, -1.19159197807, 0.996613562107, -0.0431859083474, 0.0698418095708, 0.00429812911898
2.68400008583, 1.14413869381, 0.0292450711131, -1.19110584259, 0.995381653309, -0.0581093654037, 0.0708781555295, 0.0285481214523
2.71500008583, 1.13964629173, 0.0282348208129, -1.18986725807, 0.996443390846, -0.0339658036828, 0.0721056088805, 0.0273453034461
2.71500008583, 1.13609647751, 0.0274019874632, -1.18787014484, 0.997344732285, -0.01032021828, 0.0609516277909, 0.0384953767061
2.71500008583, 1.13317251205, 0.0270476229489, -1.18565869331, 0.998166501522, 0.0227131918073, 0.045477565378, 0.0328587666154
2.71500008583, 1.1314278841, 0.0274976491928, -1.18400156498, 0.998921990395, 0.0380126424134, 0.0218794643879, 0.0151987075806
2.73000008583, 1.14194452763, 0.0272641349584, -1.18202626705, 0.999236762524, 0.0347891524434, 0.0165746677667, 0.00640286458656
2.73000008583, 1.12883472443, 0.0308556891978, -1.18289208412, 0.999443233013, 0.018030513078, 0.0241737160832, 0.0142704155296
2.74600008583, 1.12777519226, 0.0323602668941, -1.18248939514, 0.999256014824, -0.025977216661, 0.0142492894083, 0.024686537683
2.76200008583, 1.1261074543, 0.0335737019777, -1.18201839924, 0.997904062271, -0.0596470311284, 0.001795635093, 0.0250270888209
2.76200008583, 1.12420630455, 0.0341893397272, -1.18192541599, 0.992345333099, -0.113721370697, -0.00902418978512, 0.0472940057516
2.77700008583, 1.12232637405, 0.033808875829, -1.18112504482, 0.990755140781, -0.126833543181, -0.0202601086348, 0.0436697416008
2.77700008583, 1.12051308155, 0.0331377759576, -1.17970716953, 0.993349850178, -0.104998253286, -0.0358389280736, 0.030775045976
2.79300008583, 1.11883854866, 0.0320799350739, -1.17792880535, 0.996962189674, -0.0610870867968, -0.0467168092728, 0.0123422844335
2.79300008583, 1.11692941189, 0.03003134951, -1.17629861832, 0.997919917107, -0.0251325964928, -0.0590534247458, -0.00607920065522
