9.3460083006e-08, 1.20089864731, 0.0297719724476, -0.881841719151, 0.999693632126, 0.0108108427376, 0.00647077942267, -0.0213048495352
9.3460083006e-08, 1.2008972168, 0.0297934599221, -0.881829977036, 0.99968791008, 0.0110496003181, 0.00653751147911, -0.0214291382581
0.0160000934601, 1.20089006424, 0.0297787077725, -0.881858050823, 0.999698460102, 0.010260832496, 0.0065453434363, -0.0213288720697
0.0310000934601, 1.20089137554, 0.0297858044505, -0.881848216057, 0.999697208405, 0.0104968557134, 0.00648267380893, -0.0212911404669
0.0310000934601, 1.20089936256, 0.0297916028649, -0.881835460663, 0.999689221382, 0.0110682230443, 0.00654475716874, -0.021357672289
0.0470000934601, 1.20089316368, 0.0297889523208, -0.881840825081, 0.999690175056, 0.0110574644059, 0.00651836954057, -0.021323395893
0.0470000934601, 1.20089948177, 0.029793202877, -0.881842494011, 0.999688506126, 0.0110025759786, 0.0065651750192, -0.021417979151
0.0630000934601, 1.20089459419, 0.0297928601503, -0.881835639477, 0.999684810638, 0.0113471411169, 0.00655552139506, -0.0214113164693
0.0630000934601, 1.20090067387, 0.0298084840178, -0.881809055805, 0.999655783176, 0.0132040893659, 0.00654273713008, -0.0217053908855
0.0780000934601, 1.20089924335, 0.0297855194658, -0.881832122803, 0.999685943127, 0.0112491622567, 0.00651941075921, -0.0214233193547
0.0780000934601, 1.20090317726, 0.0297974850982, -0.881823897362, 0.999678730965, 0.0116890668869, 0.00650924537331, -0.0215282198042
0.0940000934601, 1.20090174675, 0.0297903753817, -0.881838321686, 0.999686002731, 0.0111829647794, 0.00649976870045, -0.0214627254754
0.0940000934601, 1.20090186596, 0.0297930687666, -0.881829321384, 0.999685704708, 0.0112351356074, 0.00650717224926, -0.0214461125433
0.10900009346, 1.20090556145, 0.0298004969954, -0.881806015968, 0.999673128128, 0.0120975608006, 0.00654950831085, -0.0215484518558
0.10900009346, 1.20090186596, 0.0297930818051, -0.881832301617, 0.999686062336, 0.0112240733579, 0.00653057452291, -0.0214286278933
0.12500009346, 1.20089745522, 0.0297914873809, -0.881831884384, 0.999685108662, 0.0113023845479, 0.00649233395234, -0.0214432757348
0.12500009346, 1.20089709759, 0.0297872684896, -0.881834208965, 0.999689102173, 0.0111927799881, 0.00657084211707, -0.0212890729308
0.14100009346, 1.20089662075, 0.0297889374197, -0.881839931011, 0.999693274498, 0.0108104376122, 0.00654768245295, -0.0212959498167
0.15600009346, 1.20090126991, 0.0297903902829, -0.881836771965, 0.999684631824, 0.0113137364388, 0.00655392184854, -0.0214382577688
0.17200009346, 1.20089995861, 0.0298004224896, -0.881826639175, 0.999681353569, 0.0116740819067, 0.00660189101472, -0.0213858354837
0.18700009346, 1.2008934021, 0.0297893639654, -0.881844162941, 0.999688923359, 0.0110525805503, 0.00656478200108, -0.0213741138577
0.18700009346, 1.2008934021, 0.0297861099243, -0.881852984428, 0.9996971488, 0.0105921793729, 0.00653426256031, -0.0212294310331
0.18700009346, 1.2008998394, 0.0297911595553, -0.881834566593, 0.999683856964, 0.0113595826551, 0.00653059640899, -0.0214587822556
0.18700009346, 1.20089614391, 0.0297919865698, -0.881818950176, 0.99968546629, 0.0113458987325, 0.00654809409752, -0.0213853064924
0.20300009346, 1.20089685917, 0.0297904480249, -0.88183426857, 0.999688148499, 0.0110958935693, 0.00653989613056, -0.0213942546397
0.20300009346, 1.20089972019, 0.0297739524394, -0.881852030754, 0.999702990055, 0.0101686194539, 0.00650562811643, -0.0211691390723
0.21900009346, 1.20089662075, 0.029785817489, -0.88182914257, 0.999685406685, 0.0112568121403, 0.00645744008943, -0.0214607398957
0.21900009346, 1.20090317726, 0.0297794751823, -0.881835639477, 0.999687194824, 0.0111820921302, 0.00651341164485, -0.0213996693492
0.23400009346, 1.20090377331, 0.0297891572118, -0.881830275059, 0.999691069126, 0.0110565824434, 0.00654286099598, -0.0212759096175
0.23400009346, 1.20090067387, 0.0297733005136, -0.881838440895, 0.999691963196, 0.0109457308426, 0.00650297477841, -0.0213044006377
0.25000009346, 1.20090138912, 0.0298002678901, -0.881821513176, 0.999686956406, 0.0112725170329, 0.00656426604837, -0.0213485173881
0.25000009346, 1.20090651512, 0.0297890398651, -0.881818234921, 0.999678432941, 0.0118479290977, 0.00649631721899, -0.0214584134519
0.26500009346, 1.20090246201, 0.029789770022, -0.881832480431, 0.999685585499, 0.0113012166694, 0.00652416050434, -0.0214128419757
0.28100009346, 1.20090043545, 0.0297912433743, -0.881822109222, 0.999678015709, 0.011904809624, 0.00649553909898, -0.0214444622397
0.28100009346, 1.20089650154, 0.0297875162214, -0.881845355034, 0.999689102173, 0.0111586302519, 0.00653160177171, -0.0213188380003
0.29700009346, 1.20089185238, 0.0297827385366, -0.881841242313, 0.999691724777, 0.0108020361513, 0.00644754478708, -0.0214038230479
0.29700009346, 1.20089769363, 0.0297941453755, -0.881834089756, 0.999688625336, 0.0110604837537, 0.00652233976871, -0.0213925540447
0.31200009346, 1.20088744164, 0.0297799892724, -0.881877779961, 0.999721467495, 0.00807695928961, 0.00640765763819, -0.0212258957326
0.31200009346, 1.20089447498, 0.0297848377377, -0.881842315197, 0.999694764614, 0.0106551460922, 0.00652122078463, -0.0213130190969
0.32800009346, 1.20089364052, 0.0297707244754, -0.881865561008, 0.999702572823, 0.0101691577584, 0.0065508573316, -0.0211766604334
0.32800009346, 1.20089960098, 0.0297815892845, -0.881840884686, 0.999688327312, 0.0112062301487, 0.00655176443979, -0.0213211979717
0.34300009346, 1.20090901852, 0.0297931171954, -0.881813704967, 0.999666571617, 0.0124530894682, 0.00650695385411, -0.0216639172286
0.34300009346, 1.20090079308, 0.0297790374607, -0.881845712662, 0.999692738056, 0.0108005609363, 0.00650412030518, -0.021338628605
0.35900009346, 1.20090818405, 0.0297896061093, -0.881811618805, 0.999673187733, 0.0121231842786, 0.00651399465278, -0.0215444955975
0.35900009346, 1.20090508461, 0.0297945402563, -0.881825327873, 0.999684214592, 0.0114544853568, 0.00657083559781, -0.0213797390461
0.37500009346, 1.20090031624, 0.0297906268388, -0.881833255291, 0.999681353569, 0.0116173857823, 0.0065478393808, -0.0214332342148
0.39000009346, 1.20090031624, 0.0297888647765, -0.881829500198, 0.999685227871, 0.0113032516092, 0.00646709324792, -0.0214448552579
0.40600009346, 1.20090198517, 0.0298043396324, -0.88180989027, 0.999672234058, 0.0121393166482, 0.00647579645738, -0.0215891264379
0.40600009346, 1.20089685917, 0.0298013817519, -0.881832957268, 0.999690890312, 0.0109665896744, 0.00650708423927, -0.0213418826461
0.42100009346, 1.2008947134, 0.0297857690603, -0.881847321987, 0.999690711498, 0.0108385626227, 0.00654024491087, -0.0214078240097
0.42100009346, 1.20090067387, 0.0298010203987, -0.881846427917, 0.999686658382, 0.0112142758444, 0.00650595780462, -0.0214125812054
0.42100009346, 1.20089781284, 0.0297954827547, -0.881824612617, 0.999670267105, 0.0124858403578, 0.00652458146214, -0.021467750892
0.43700009346, 1.2009036541, 0.0298017971218, -0.881819367409, 0.999664902687, 0.0128818266094, 0.00645586615428, -0.0215024035424
0.43700009346, 1.20090484619, 0.0297950953245, -0.881808817387, 0.999660253525, 0.01313021034, 0.00651604589075, -0.021553998813
0.45300009346, 1.20089793205, 0.0297835953534, -0.881832301617, 0.999683797359, 0.011300958693, 0.00646861176938, -0.0215092562139
0.45300009346, 1.20090508461, 0.0297865346074, -0.88184094429, 0.999689519405, 0.0110150445253, 0.00657546613365, -0.0213608331978
0.46800009346, 1.20090532303, 0.0297924801707, -0.881818294525, 0.99968111515, 0.0116252172738, 0.00653058476746, -0.0214457157999
0.46800009346, 1.20090460777, 0.029782500118, -0.881830513477, 0.999687075615, 0.0110820587724, 0.00656141806394, -0.021441815421
0.48400009346, 1.20090305805, 0.029798425734, -0.881821870804, 0.999683022499, 0.0115243280306, 0.00653105787933, -0.0214072335511
0.48400009346, 1.20090353489, 0.0297969095409, -0.881830394268, 0.99968546629, 0.0114065026864, 0.00655365968123, -0.0213507246226
0.51500009346, 1.20090460777, 0.0298020355403, -0.88182747364, 0.999680519104, 0.0115466117859, 0.00647785095498, -0.0215290095657
0.51500009346, 1.20089590549, 0.0297918077558, -0.881827652454, 0.999683916569, 0.0115727670491, 0.00660798093304, -0.0213175453246
0.51500009346, 1.20089757442, 0.0297839231789, -0.881851434708, 0.999695062637, 0.0106395147741, 0.00656958110631, -0.0212928969413
0.53100009346, 1.2008998394, 0.029803769663, -0.88180488348, 0.999659717083, 0.0131279230118, 0.00660481490195, -0.0215492248535
0.53100009346, 1.20090186596, 0.0297970473766, -0.881810367107, 0.999655842781, 0.0132406372577, 0.0065325521864, -0.0216838214546
0.54600009346, 1.20090687275, 0.0298070516437, -0.88180154562, 0.999650895596, 0.0135086337104, 0.00657288171351, -0.0217327475548
0.54600009346, 1.20090091228, 0.0297892764211, -0.881838560104, 0.999688088894, 0.0111708380282, 0.00654115295038, -0.0213553924114
0.56200009346, 1.20090055466, 0.0297886170447, -0.881837964058, 0.999682307243, 0.0114915547892, 0.00652827182785, -0.021461289376
0.56200009346, 1.20090341568, 0.0297813676298, -0.881845295429, 0.99968880415, 0.0109924795106, 0.00652093207464, -0.0214215572923
0.57700009346, 1.20090067387, 0.0297921784222, -0.881830453873, 0.999684154987, 0.0114009920508, 0.00660034548491, -0.0214018840343
0.57700009346, 1.20090794563, 0.0298031214625, -0.881810426712, 0.999672830105, 0.0121059911326, 0.00659930706024, -0.0215426217765
0.59300009346, 1.20090568066, 0.0298016890883, -0.881823658943, 0.999684512615, 0.0113253854215, 0.00654317717999, -0.0214435569942
0.59300009346, 1.20089662075, 0.0297884251922, -0.881832003593, 0.999689042568, 0.0109504442662, 0.00647647446021, -0.0214466229081
0.60900009346, 1.20090425014, 0.0297970045358, -0.881805956364, 0.99966853857, 0.0125136235729, 0.00645764172077, -0.021550970152
0.60900009346, 1.20090210438, 0.0297897085547, -0.881830275059, 0.999678313732, 0.0116810295731, 0.00651296926662, -0.0215488467366
0.62400009346, 1.20090568066, 0.029799586162, -0.881804227829, 0.99965429306, 0.0132671343163, 0.00650907307863, -0.0217469483614
0.64000009346, 1.20090448856, 0.0298052635044, -0.88179731369, 0.999652087688, 0.0134185794741, 0.0064775981009, -0.0217643342912
0.64000009346, 1.20089459419, 0.029779182747, -0.881861686707, 0.999704241753, 0.0099193258211, 0.00661919917911, -0.0211952868849
0.65500009346, 1.20089566708, 0.0297909155488, -0.881839990616, 0.999688386917, 0.0111624263227, 0.00656121456996, -0.0213405676186
0.67100009346, 1.20090246201, 0.0297892428935, -0.881844222546, 0.999689280987, 0.0110638672486, 0.00645801145583, -0.0213818084449
0.67100009346, 1.2008947134, 0.0297840684652, -0.881850242615, 0.999695420265, 0.0105211306363, 0.0065544359386, -0.0213370472193
0.67100009346, 1.20090031624, 0.0298016425222, -0.881822049618, 0.999678909779, 0.0116496682167, 0.00646332651377, -0.021553883329
0.68700009346, 1.2008960247, 0.0298007484525, -0.881822347641, 0.999679625034, 0.0118081327528, 0.00648846104741, -0.0214258190244
0.68700009346, 1.20089673996, 0.0297852568328, -0.881841182709, 0.999689221382, 0.0110594630241, 0.00656515918672, -0.021353488788
0.70200009346, 1.20090258121, 0.0297929998487, -0.88183003664, 0.999683797359, 0.0114648863673, 0.00649155862629, -0.0214121975005
0.70200009346, 1.20090818405, 0.0297910850495, -0.881813943386, 0.999677062035, 0.0118134589866, 0.00652790954337, -0.0215262193233
0.71800009346, 1.20090711117, 0.0297919735312, -0.88182336092, 0.999681949615, 0.0114952530712, 0.00649165222421, -0.0214864127338
0.71800009346, 1.20090758801, 0.0297876521945, -0.881824731827, 0.999679863453, 0.0116607937962, 0.00647098151967, -0.0215022042394
0.73300009346, 1.20089840889, 0.0297764651477, -0.881834387779, 0.999686479568, 0.0112159298733, 0.00649638706818, -0.0214215349406
0.73300009346, 1.20090436935, 0.02979086712, -0.881824851036, 0.999682545662, 0.0114464052022, 0.00645589176565, -0.0214981660247
0.74900009346, 1.20090079308, 0.029786573723, -0.881842017174, 0.999688446522, 0.0111558996141, 0.00650936039165, -0.0213575102389
0.76500009346, 1.20090067387, 0.0297828912735, -0.881843268871, 0.999691784382, 0.010780335404, 0.00649877637625, -0.021398447454
0.76500009346, 1.20090329647, 0.029794132337, -0.881833612919, 0.999680876732, 0.0114052090794, 0.00652786903083, -0.0215723104775
0.78000009346, 1.20089149475, 0.0297816637903, -0.88184517622, 0.999694406986, 0.0107072927058, 0.00647192075849, -0.0213216394186
0.78000009346, 1.20089936256, 0.0297917351127, -0.881838262081, 0.999688088894, 0.0111889885738, 0.00645382096991, -0.0213740710169
0.79600009346, 1.20090138912, 0.0298118237406, -0.881805896759, 0.999651670456, 0.0135021740571, 0.00652104755864, -0.0217171162367
0.79600009346, 1.20090079308, 0.0297830086201, -0.88183671236, 0.999687969685, 0.0113330977038, 0.00654003256932, -0.0212768986821
0.81100009346, 1.20089960098, 0.0297831129283, -0.881832957268, 0.999682784081, 0.0115076741204, 0.00646584900096, -0.0214461032301
0.81100009346, 1.20090651512, 0.0297823194414, -0.881830751896, 0.999683499336, 0.0114411311224, 0.00654700538144, -0.0214249398559
0.82700009346, 1.20090174675, 0.0297740269452, -0.881843268871, 0.999692618847, 0.0107831973583, 0.00647890148684, -0.0213625766337
0.82700009346, 1.2009100914, 0.0297929681838, -0.881828129292, 0.999682784081, 0.0114373387769, 0.00654827756807, -0.0214612614363
0.84300009346, 1.20090639591, 0.0297930333763, -0.881826460361, 0.999683618546, 0.0113954693079, 0.00651746289805, -0.0214530155063
0.84300009346, 1.20090568066, 0.029795922339, -0.88182425499, 0.99968534708, 0.0113475099206, 0.00650289375335, -0.0214045681059
0.85800009346, 1.20090341568, 0.0297914911062, -0.881832361221, 0.999682307243, 0.011406945996, 0.00656942185014, -0.0214934051037
0.87400009346, 1.20090043545, 0.0297905765474, -0.881829202175, 0.999683856964, 0.0114273522049, 0.00646074023098, -0.0214472841471
0.88900009346, 1.20090043545, 0.0297862291336, -0.881848394871, 0.999691963196, 0.0108403125778, 0.00656985724345, -0.0213382542133
0.88900009346, 1.20090270042, 0.0298126041889, -0.881806254387, 0.999659657478, 0.0130041474476, 0.00644299434498, -0.0216785110533
0.90500009346, 1.20090484619, 0.0297980997711, -0.881829082966, 0.999679207802, 0.0117363305762, 0.00653022713959, -0.02147144638
0.90500009346, 1.20090031624, 0.0297985970974, -0.881821990013, 0.999662160873, 0.0128443026915, 0.00648273900151, -0.0216444209218
0.90500009346, 1.20090484619, 0.0297968536615, -0.8818166852, 0.999663054943, 0.0129700982943, 0.00648293457925, -0.0215276200324
0.92100009346, 1.20090413094, 0.0297871306539, -0.881833076477, 0.999682188034, 0.0114415092394, 0.00648475857452, -0.0215047877282
0.92100009346, 1.20090162754, 0.0298054292798, -0.881797790527, 0.999651551247, 0.0135232396424, 0.00644873687997, -0.0217316076159
0.93600009346, 1.20090258121, 0.029800567776, -0.881810545921, 0.99967455864, 0.0120123224333, 0.00652564549819, -0.0215368960053
0.93600009346, 1.20090067387, 0.0297889169306, -0.881829380989, 0.999686360359, 0.0112320268527, 0.00658502941951, -0.0213953088969
0.95200009346, 1.20090126991, 0.0297910068184, -0.881829023361, 0.999690115452, 0.0108761684969, 0.00650417525321, -0.0214287266135
0.95200009346, 1.2009011507, 0.0297802742571, -0.881838679314, 0.999693632126, 0.0107848402113, 0.00656435638666, -0.0212899744511
0.96700009346, 1.20090591908, 0.0298000816256, -0.881800055504, 0.999669015408, 0.0124420728534, 0.00655092438683, -0.0215410832316
0.96700009346, 1.20090603828, 0.0297875031829, -0.881837427616, 0.99969124794, 0.0108304647729, 0.00652631791309, -0.0213897805661
0.98300009346, 1.20089268684, 0.0297782812268, -0.881853580475, 0.999694883823, 0.0106948735192, 0.00652340939268, -0.021287465468
0.98300009346, 1.20090341568, 0.0297871660441, -0.88183182478, 0.999683856964, 0.0114267738536, 0.00650369701907, -0.0214293953031
0.99900009346, 1.20090329647, 0.0297862924635, -0.88183426857, 0.999682128429, 0.0114916423336, 0.00653509236872, -0.0214675609022
1.01400009346, 1.20090413094, 0.0297903623432, -0.881828546524, 0.999680697918, 0.011677801609, 0.00658205430955, -0.0214183237404
1.01400009346, 1.20089995861, 0.0297865942121, -0.881836533546, 0.999685525894, 0.0112894531339, 0.00657933065668, -0.0214038416743
1.03000009346, 1.20089232922, 0.0297745242715, -0.881863236427, 0.999703705311, 0.0100753679872, 0.0065208049491, -0.0211792718619
1.03000009346, 1.20090079308, 0.0297878943384, -0.881839036942, 0.999691188335, 0.0108949644491, 0.00656879646704, -0.0213450770825
1.04500009346, 1.2009049654, 0.0298052765429, -0.881811141968, 0.999670028687, 0.0121575854719, 0.00648365635425, -0.0216782595962
1.04500009346, 1.20089840889, 0.0297864098102, -0.881837129593, 0.999690830708, 0.0107985073701, 0.0065298974514, -0.0214263945818
1.06100009346, 1.2009087801, 0.029789539054, -0.881821513176, 0.999681711197, 0.0115005942062, 0.00652662198991, -0.0214859284461
1.06100009346, 1.20090544224, 0.0297961309552, -0.881807088852, 0.999673366547, 0.0121751530096, 0.00652354024351, -0.0215020701289
1.07700009346, 1.2009125948, 0.0297994147986, -0.881811976433, 0.999675214291, 0.0119992205873, 0.00654078554362, -0.021510342136
1.07700009346, 1.20090401173, 0.0297888051718, -0.881821811199, 0.999679327011, 0.0117024052888, 0.00646003568545, -0.0215072762221
1.09200009346, 1.20090758801, 0.0297937560827, -0.881826341152, 0.999682188034, 0.0115404492244, 0.00658705458045, -0.021420782432
1.09200009346, 1.20089924335, 0.0297850705683, -0.881827950478, 0.999683380127, 0.0115407351404, 0.00645744614303, -0.0214044321328
1.10800009346, 1.2009062767, 0.0298032779247, -0.881801247597, 0.999654889107, 0.0133855314925, 0.00646863970906, -0.0216549299657
1.12300009346, 1.20089936256, 0.0297949966043, -0.881833016872, 0.999679028988, 0.011725243181, 0.0065376223065, -0.0214857812971
1.13900009346, 1.20089995861, 0.0297944042832, -0.881836533546, 0.999688565731, 0.0111995227635, 0.00655807973817, -0.0213160905987
1.13900009346, 1.20090067387, 0.0297952946275, -0.881839931011, 0.999687373638, 0.0111397011206, 0.00655615702271, -0.0214026272297
1.13900009346, 1.20089662075, 0.0297900978476, -0.881839513779, 0.999688982964, 0.010970977135, 0.00652352999896, -0.0214256290346
1.15500009346, 1.20090150833, 0.0297910105437, -0.881837725639, 0.99968457222, 0.0114261433482, 0.00651765847579, -0.0213906671852
1.15500009346, 1.20089435577, 0.0297955088317, -0.881835281849, 0.999683141708, 0.0114252045751, 0.00652165431529, -0.0214574374259
1.17000009346, 1.20090436935, 0.0297984071076, -0.881826400757, 0.999683380127, 0.0114919170737, 0.00653871521354, -0.0214081499726
1.17000009346, 1.20090544224, 0.0297892391682, -0.881829679012, 0.999686956406, 0.0111707812175, 0.00652159797028, -0.0214188583195
1.18600009346, 1.20090329647, 0.0297854263335, -0.881833195686, 0.999689638615, 0.0111382864416, 0.00651199417189, -0.0213101841509
1.18600009346, 1.20090854168, 0.0297901574522, -0.881820440292, 0.999678909779, 0.0115868747234, 0.00653312122449, -0.0215635634959
1.20100009346, 1.20090961456, 0.0297867264599, -0.881816864014, 0.999673843384, 0.0121317422017, 0.00653867330402, -0.0214999374002
1.20100009346, 1.20090675354, 0.0297879930586, -0.881826460361, 0.999685525894, 0.0113393468782, 0.00654262769967, -0.0213891398162
1.21700009346, 1.20090734959, 0.0297815091908, -0.881842076778, 0.99969035387, 0.0110034886748, 0.00646076910198, -0.0213610846549
1.21700009346, 1.20090293884, 0.0297992248088, -0.881830096245, 0.999678075314, 0.0118554327637, 0.00652913749218, -0.0214583128691
1.23300009346, 1.20089805126, 0.0297901127487, -0.881840229034, 0.999692320824, 0.0108875678852, 0.00651465915143, -0.0213140230626
1.24800009346, 1.20089888573, 0.0297987814993, -0.881838619709, 0.99968868494, 0.0111356666312, 0.00654541654512, -0.0213455092162
1.24800009346, 1.2009023428, 0.0297948978841, -0.88182759285, 0.999683201313, 0.0114510627463, 0.00657603377476, -0.0214222650975
1.26400009346, 1.20090198517, 0.0297890882939, -0.88183927536, 0.999685823917, 0.0111478623003, 0.00649496586993, -0.0214870348573
1.26400009346, 1.20090210438, 0.0297883227468, -0.881843268871, 0.999689280987, 0.0110443234444, 0.00656733335927, -0.0213563516736
1.27900009346, 1.20090830326, 0.0298023559153, -0.881807208061, 0.999657571316, 0.01320078969, 0.00650501484051, -0.0216334294528
1.27900009346, 1.20090281963, 0.0297969896346, -0.881829559803, 0.999680817127, 0.0117167942226, 0.00654725404456, -0.0214021299034
1.29500009346, 1.20090901852, 0.0297946408391, -0.88180077076, 0.999669313431, 0.0124566107988, 0.00658036302775, -0.0215113610029
1.29500009346, 1.20090126991, 0.0297717340291, -0.881845116615, 0.999695122242, 0.0106047652662, 0.00645325053483, -0.0213443245739
1.31100009346, 1.20091032982, 0.0297998506576, -0.881817758083, 0.999676585197, 0.0117483045906, 0.00655213231221, -0.0215789414942
1.31100009346, 1.2009114027, 0.029789255932, -0.881825685501, 0.999684274197, 0.011422204785, 0.00652936426923, -0.0214034449309
1.32600009346, 1.20090258121, 0.0297896359116, -0.881842136383, 0.999693214893, 0.0107437036932, 0.00653810659423, -0.0213377680629
1.32600009346, 1.20091092587, 0.0298013500869, -0.881821393967, 0.999677956104, 0.0117927119136, 0.00651043700054, -0.0215048659593
1.34200009346, 1.20090281963, 0.0297969356179, -0.881814658642, 0.99967777729, 0.0119771566242, 0.00651928409934, -0.0214092470706
1.35700009346, 1.20089638233, 0.0297703929245, -0.881860435009, 0.999705672264, 0.00989179499447, 0.00655827391893, -0.0211564321071
1.37300009346, 1.20090711117, 0.0297851432115, -0.881827533245, 0.999678015709, 0.0116555346176, 0.00643690489233, -0.0215996578336
1.37300009346, 1.20090186596, 0.0297919660807, -0.881826043129, 0.999669551849, 0.0124169541523, 0.00647613219917, -0.0215538181365
1.38900009346, 1.20090186596, 0.0297940913588, -0.881830275059, 0.999683082104, 0.0116454642266, 0.00655729882419, -0.0213326439261
1.38900009346, 1.20090413094, 0.0297954827547, -0.881814181805, 0.999658584595, 0.0131489858031, 0.00649047037587, -0.0216257143766
1.38900009346, 1.20090520382, 0.0298128612339, -0.881781756878, 0.999641060829, 0.0141163356602, 0.0065299058333, -0.0218134336174
1.40400009346, 1.20090854168, 0.0297895502299, -0.881824731827, 0.999677062035, 0.0117943389341, 0.00651027821004, -0.0215464923531
1.40400009346, 1.20090460777, 0.0297880787402, -0.881832063198, 0.999686181545, 0.0113150924444, 0.00646243710071, -0.0213959868997
1.42000009346, 1.20090377331, 0.0297945961356, -0.881823003292, 0.999678432941, 0.0117055503651, 0.00651324680075, -0.0215302314609
1.42000009346, 1.20090568066, 0.0297903437167, -0.88183003664, 0.999684870243, 0.0112679991871, 0.00648110918701, -0.0214748010039
1.43500009346, 1.2009152174, 0.0298047848046, -0.881812155247, 0.999671459198, 0.0121921570972, 0.00651959888637, -0.0215837359428
1.43500009346, 1.2009023428, 0.0297836363316, -0.881847262383, 0.999700725079, 0.0102755473927, 0.00658931583166, -0.0212000049651
1.45100009346, 1.20090329647, 0.0297768916935, -0.881843030453, 0.99969124794, 0.0109415473416, 0.0064651039429, -0.0213541872799
1.45100009346, 1.20091092587, 0.0297967176884, -0.881806135178, 0.999669373035, 0.0123768476769, 0.00656665535644, -0.0215592421591
1.46700009346, 1.20090377331, 0.0297892093658, -0.881839513779, 0.999683260918, 0.0114820748568, 0.00649058073759, -0.021429926157
1.46700009346, 1.20090019703, 0.0297805294394, -0.881839513779, 0.999688625336, 0.0111200213432, 0.00646648462862, -0.0213809460402
1.48200009346, 1.20090270042, 0.0297897811979, -0.881835639477, 0.99968290329, 0.0113863945007, 0.00653167441487, -0.0214873421937
1.49800009346, 1.20090472698, 0.0297965370119, -0.881817221642, 0.99966275692, 0.0127797238529, 0.0065704532899, -0.0216279234737
1.49800009346, 1.20090663433, 0.0297917164862, -0.88184273243, 0.999687254429, 0.0113481096923, 0.00654117995873, -0.0213054399937
1.51300009346, 1.2009011507, 0.0297955516726, -0.88182914257, 0.999686419964, 0.0113383773714, 0.00652966834605, -0.0213537830859
1.51300009346, 1.20090222359, 0.0297882035375, -0.881835639477, 0.999685883522, 0.0112809920684, 0.00656875781715, -0.021393802017
1.52900009346, 1.20090699196, 0.0297957453877, -0.881823897362, 0.999684214592, 0.0113612506539, 0.00654031848535, -0.021436676383
1.52900009346, 1.20090031624, 0.0297822821885, -0.88184016943, 0.999695420265, 0.0106416000053, 0.00659689400345, -0.0212675146759
1.54500009346, 1.20090460777, 0.0297829844058, -0.881845891476, 0.999690651894, 0.0107183242217, 0.00649639545009, -0.0214806441218
1.54500009346, 1.20091199875, 0.0298031549901, -0.881807327271, 0.999672532082, 0.0121849738061, 0.0065264524892, -0.0215335637331
1.56000009346, 1.20090782642, 0.0297841317952, -0.881832480431, 0.999688446522, 0.0109960772097, 0.00650147162378, -0.0214417111129
1.56000009346, 1.20090436935, 0.0297794826329, -0.881828248501, 0.999682247639, 0.0115302950144, 0.00648075388744, -0.0214568730444
1.57600009346, 1.20090413094, 0.0297937616706, -0.881815314293, 0.99967366457, 0.0121241863817, 0.00650156941265, -0.021525926888
1.57600009346, 1.2009049654, 0.0297957379371, -0.881829619408, 0.999681353569, 0.0115781864151, 0.00651545729488, -0.0214632861316
1.59100009346, 1.20090091228, 0.0297845918685, -0.881832957268, 0.999688863754, 0.0111663965508, 0.00654487032443, -0.021321868524
1.60700009346, 1.20090699196, 0.0298087522388, -0.88181334734, 0.999662339687, 0.0129224974662, 0.00651856791228, -0.0215794667602
1.62300009346, 1.20090138912, 0.0297895092517, -0.881848931313, 0.999690651894, 0.0109742237255, 0.00654084002599, -0.0213382672518
1.62300009346, 1.20089948177, 0.0297920517623, -0.881839871407, 0.99969214201, 0.0107757542282, 0.00655394094065, -0.0213656537235
1.62300009346, 1.20090079308, 0.029774447903, -0.881852924824, 0.999699532986, 0.0104061588645, 0.00650177523494, -0.0212195534259
1.63800009346, 1.20090770721, 0.0297867916524, -0.881841719151, 0.999686419964, 0.0110804084688, 0.00646921154112, -0.0215020310134
1.63800009346, 1.20090353489, 0.0297861620784, -0.881834924221, 0.999684989452, 0.0114021869376, 0.00649816216901, -0.021392211318
1.65400009346, 1.20091080666, 0.0297830309719, -0.881832361221, 0.99968457222, 0.0113674970344, 0.00651530595496, -0.0214268546551
1.65400009346, 1.20091021061, 0.0297895986587, -0.881828069687, 0.999686300755, 0.0111774960533, 0.0065348604694, -0.0214383732527
1.66900009346, 1.20090866089, 0.029785702005, -0.88183003664, 0.999684393406, 0.0112739792094, 0.00653039291501, -0.0214802473783
1.66900009346, 1.20090329647, 0.0297785084695, -0.881844520569, 0.999694645405, 0.0107551654801, 0.00648987432942, -0.0212787110358
1.68500009346, 1.20090353489, 0.0297829415649, -0.881847202778, 0.999692738056, 0.0108075272292, 0.00652358448133, -0.021329741925
1.68500009346, 1.2009049654, 0.0297911185771, -0.881823837757, 0.999680459499, 0.0115374652669, 0.00648649968207, -0.0215346962214
1.70100009346, 1.20090770721, 0.0297902189195, -0.881826281548, 0.999680519104, 0.0116189140826, 0.0065349037759, -0.0214730277658
1.70100009346, 1.20097672939, 0.0299048703164, -0.881925404072, 0.999573051929, 0.0172377359122, 0.00133645045571, -0.0235545802861
1.71600009346, 1.20090186596, 0.0297923274338, -0.88183182478, 0.999687552452, 0.0111506925896, 0.00653792591766, -0.021396515891
1.71600009346, 1.20089864731, 0.0297852475196, -0.881849110126, 0.999690830708, 0.0109006185085, 0.00656874617562, -0.0213568657637
1.73200009346, 1.20090055466, 0.0297924112529, -0.881832182407, 0.999686002731, 0.0114224795252, 0.0065605272539, -0.0213161744177
1.74700009346, 1.20090508461, 0.0297908838838, -0.881844103336, 0.999689817429, 0.0110795190558, 0.00652627600357, -0.021330377087
1.74700009346, 1.20090615749, 0.0297954324633, -0.881816744804, 0.999664604664, 0.012664902024, 0.00645521096885, -0.0216474179178
1.76300009346, 1.20090556145, 0.0297908745706, -0.881825208664, 0.999685525894, 0.0114401960745, 0.00656848447397, -0.021323164925
1.76300009346, 1.20091509819, 0.0297924485058, -0.881820440292, 0.999676167965, 0.0120152710006, 0.00662873592228, -0.0214295350015
1.77900009346, 1.20090079308, 0.0297792032361, -0.881846725941, 0.999700367451, 0.0103409644216, 0.00646086409688, -0.021221678704
1.77900009346, 1.20091545582, 0.0298039782792, -0.881803035736, 0.999664902687, 0.0125176021829, 0.00650995364413, -0.0217010490596
1.79400009346, 1.20090460777, 0.0297906640917, -0.881824672222, 0.999683022499, 0.0114668188617, 0.00655391812325, -0.0214330274612
1.79400009346, 1.20090484619, 0.0297727901489, -0.881861150265, 0.999703466892, 0.0098222354427, 0.00647823093459, -0.0213189702481
1.81000009346, 1.20090305805, 0.0297951474786, -0.881827235222, 0.999683618546, 0.0114749036729, 0.00653325114399, -0.021407501772
1.81000009346, 1.2009036541, 0.0297946594656, -0.881822168827, 0.999682068825, 0.0114953266457, 0.00654108822346, -0.0214640460908
1.82500009346, 1.20090508461, 0.0297865215689, -0.88184762001, 0.999693095684, 0.0107519347221, 0.00651894044131, -0.0213445574045
1.84100009346, 1.20090663433, 0.0297933556139, -0.881832540035, 0.999682068825, 0.0114943841472, 0.00658791419119, -0.021452087909
1.85700009346, 1.20091152191, 0.0298054683954, -0.881809830666, 0.9996560812, 0.0133040258661, 0.00652173347771, -0.0216384176165
1.85700009346, 1.20090830326, 0.029805328697, -0.881799817085, 0.999651670456, 0.0135351838544, 0.0065341880545, -0.021692333743
1.87200009346, 1.20090663433, 0.0297929011285, -0.881815254688, 0.999660968781, 0.0129282437265, 0.00647058850154, -0.0216526929289
1.87200009346, 1.2009062767, 0.0297868661582, -0.881829619408, 0.999685525894, 0.0113856466487, 0.00661574164405, -0.021341143176
1.87200009346, 1.20090723038, 0.0297960527241, -0.881833672523, 0.999687433243, 0.0112139228731, 0.00660027749836, -0.0213470254093
1.88800009346, 1.20090591908, 0.0297963004559, -0.881812155247, 0.999678790569, 0.0117987701669, 0.00648315344006, -0.0214728787541
1.88800009346, 1.20090675354, 0.0297915823758, -0.88182091713, 0.999681711197, 0.0116712702438, 0.00660216901451, -0.0213688835502
1.90300009346, 1.20091021061, 0.0297981295735, -0.881823241711, 0.999677062035, 0.0118096563965, 0.00647656759247, -0.0215508081019
1.90300009346, 1.20090913773, 0.0297837778926, -0.881834983826, 0.999684214592, 0.0114096757025, 0.00645314250141, -0.0214389264584
1.91900009346, 1.2009036541, 0.0297919269651, -0.881824731827, 0.999682664871, 0.0115755340084, 0.0065271416679, -0.0213969536126
1.91900009346, 1.20090901852, 0.0297885928303, -0.88182914257, 0.999680399895, 0.0115850996226, 0.00652715656906, -0.0215002391487
1.93500009346, 1.20091116428, 0.0297928825021, -0.881828963757, 0.999677479267, 0.0119545357302, 0.00650300690904, -0.0214391089976
1.93500009346, 1.20090353489, 0.0297902841121, -0.881825864315, 0.999668598175, 0.0124163841829, 0.00656298967078, -0.0215727500618
1.95000009346, 1.20090389252, 0.029787434265, -0.881842911243, 0.999689400196, 0.0111052589491, 0.00649998383597, -0.0213425625116
1.95000009346, 1.20091021061, 0.029806599021, -0.881802082062, 0.999649345875, 0.0136688891798, 0.00656673824415, -0.02170753479
1.96600009346, 1.20090615749, 0.0297999680042, -0.881825983524, 0.999680280685, 0.0117540936917, 0.00656165927649, -0.0214053299278
1.98100009346, 1.20090448856, 0.0297850370407, -0.881845712662, 0.999696016312, 0.010648842901, 0.00654428033158, -0.02124944143
1.98100009346, 1.2009011507, 0.0297850389034, -0.881844460964, 0.999696195126, 0.0105541823432, 0.00650546839461, -0.0213052295148
1.99700009346, 1.20090651512, 0.0297995060682, -0.8818359375, 0.999682784081, 0.0113145317882, 0.00657002488151, -0.0215198323131
1.99700009346, 1.20090889931, 0.0297838393599, -0.881825625896, 0.999681532383, 0.0116282515228, 0.00649897241965, -0.0214320532978
2.01300009346, 1.20090448856, 0.0297921597958, -0.88182258606, 0.999682307243, 0.0113785155118, 0.00650079222396, -0.0215285290033
2.01300009346, 1.20090782642, 0.0297905243933, -0.881829380989, 0.99968534708, 0.0113066211343, 0.0065415748395, -0.0214164797217
2.02800009346, 1.2009087801, 0.0297898203135, -0.881821036339, 0.999676525593, 0.0119063211605, 0.00655360240489, -0.0214942898601
2.02800009346, 1.20091199875, 0.0297778882086, -0.881843209267, 0.999692440033, 0.0108258668333, 0.00654922844842, -0.0213291626424
2.04400009346, 1.20091080666, 0.0297986771911, -0.881816625595, 0.999672174454, 0.0121700894088, 0.0065617961809, -0.0215483028442
2.04400009346, 1.20090341568, 0.0297784712166, -0.881843328476, 0.999687194824, 0.0111972773448, 0.00659568142146, -0.0213704872876
2.05900009346, 1.20090734959, 0.0298011023551, -0.881807565689, 0.99966865778, 0.0124300383031, 0.00642108684406, -0.0216050185263
2.05900009346, 1.20090246201, 0.0297940783203, -0.881839752197, 0.999689161777, 0.0109679521993, 0.00652384897694, -0.0214167591184
2.09100009346, 1.20090508461, 0.0297924559563, -0.881837248802, 0.99968791008, 0.0110857980326, 0.00650934269652, -0.0214189123362
2.09100009346, 1.20090317726, 0.0297899413854, -0.881837546825, 0.999686598778, 0.0112384641543, 0.00657610082999, -0.0213792938739
2.10600009346, 1.20090103149, 0.0297922417521, -0.881833434105, 0.999684929848, 0.0113393645734, 0.00647761346772, -0.0214367620647
2.10600009346, 1.20090055466, 0.029786484316, -0.881842672825, 0.99968791008, 0.0112784858793, 0.00651848874986, -0.0213163625449
2.10600009346, 1.20090460777, 0.02978631109, -0.881834149361, 0.999683856964, 0.0113918762654, 0.00646868068725, -0.021462328732
2.12200009346, 1.20091032982, 0.0297906901687, -0.881815373898, 0.999678909779, 0.011817724444, 0.00651348987594, -0.0214480329305
2.12200009346, 1.20091283321, 0.0297904312611, -0.881818711758, 0.999680101871, 0.0117535563186, 0.00651529803872, -0.0214269012213
2.13700009346, 1.20090460777, 0.0297772586346, -0.881831645966, 0.999690115452, 0.0111029855907, 0.00670844269916, -0.0212465655059
2.13700009346, 1.20090734959, 0.0297872107476, -0.881821215153, 0.999683856964, 0.0115722911432, 0.00658567808568, -0.0213282834738
2.15300009346, 1.2009100914, 0.02978262119, -0.881828725338, 0.999682128429, 0.0114377168939, 0.00657161325216, -0.0214832387865
2.15300009346, 1.200912714, 0.0297962389886, -0.881819069386, 0.999679327011, 0.0117660425603, 0.00656415568665, -0.0214390382171
2.16900009346, 1.20090341568, 0.0297924019396, -0.881845712662, 0.999688863754, 0.0110618723556, 0.00658189272508, -0.021363619715
2.16900009346, 1.20090198517, 0.0297851543874, -0.881838321686, 0.999694883823, 0.0106990998611, 0.00650443742052, -0.0212891064584
2.18400009346, 1.20090425014, 0.0298047233373, -0.881812810898, 0.99967110157, 0.0123248295859, 0.00653368700296, -0.0215180329978
2.18400009346, 1.2008985281, 0.0297820270061, -0.881851673126, 0.999695181847, 0.0106044635177, 0.00645697815344, -0.0213422216475
2.20000009346, 1.20091295242, 0.0297993086278, -0.881825268269, 0.999675571918, 0.012007012032, 0.00659886747599, -0.0214685369283
2.20000009346, 1.2009100914, 0.0298061612993, -0.881803572178, 0.999651610851, 0.0134058082476, 0.00649091368541, -0.0217884071171
2.21500009346, 1.20091128349, 0.0297934580594, -0.88181912899, 0.999673187733, 0.0121996859089, 0.00653864070773, -0.0214901566505
2.23100009346, 1.20090711117, 0.0297972001135, -0.881812930107, 0.999672532082, 0.0122261550277, 0.00656220829114, -0.0214992836118
2.23100009346, 1.2009152174, 0.0298013277352, -0.881819665432, 0.999674320221, 0.0119716152549, 0.00654075900093, -0.021563179791
2.24700009346, 1.20090866089, 0.0297865550965, -0.881822645664, 0.999682307243, 0.0115762492642, 0.00649091554806, -0.0214257668704
2.24700009346, 1.20090889931, 0.0297907926142, -0.881827116013, 0.999681293964, 0.0116002513096, 0.00656245928258, -0.0214406531304
2.26200009346, 1.20091402531, 0.0297879353166, -0.881830573082, 0.999686598778, 0.0112954610959, 0.00653792964295, -0.0213633999228
2.26200009346, 1.20090317726, 0.029784347862, -0.881844460964, 0.999697744846, 0.0104523282498, 0.00647272914648, -0.0212898775935
2.27800009346, 1.2009011507, 0.0297897029668, -0.881825864315, 0.999680697918, 0.0117268096656, 0.00662974687293, -0.0213753692806
2.27800009346, 1.20090579987, 0.0297899227589, -0.881836354733, 0.999688267708, 0.0110699543729, 0.006609080825, -0.0213811323047
2.29300009346, 1.20090687275, 0.0297928676009, -0.881819784641, 0.999674081802, 0.0122088510543, 0.00651850318536, -0.0214504282922
2.29300009346, 1.20089995861, 0.0297738593072, -0.881864368916, 0.999701201916, 0.0102015994489, 0.006526931189, -0.0212304014713
2.30900009346, 1.20091021061, 0.0298086199909, -0.881798267365, 0.999649524689, 0.0135604217649, 0.00656676664948, -0.0217679198831
2.32500009346, 1.20090830326, 0.0298001915216, -0.88181322813, 0.99965596199, 0.013300742954, 0.00650836760178, -0.0216471143067
2.34000009346, 1.20090639591, 0.0298033729196, -0.881801784039, 0.999651014805, 0.0136140957475, 0.00652352301404, -0.0216760002077
2.34000009346, 1.20090413094, 0.0297836605459, -0.881840765476, 0.999687433243, 0.011139662005, 0.00654966756701, -0.0213999543339
2.35600009346, 1.20089995861, 0.0297736637294, -0.881843090057, 0.99969369173, 0.0108467591926, 0.00652316631749, -0.0212678462267
2.35600009346, 1.20090425014, 0.0297965630889, -0.881829440594, 0.999677300453, 0.0119178015739, 0.00653571262956, -0.0214602854103
2.35600009346, 1.20090591908, 0.0297912098467, -0.881823420525, 0.999677300453, 0.0118132345378, 0.00647669378668, -0.0215359870344
2.37100009346, 1.20091199875, 0.0297872964293, -0.881837010384, 0.999687731266, 0.0111075965688, 0.00653760135174, -0.0214099120349
2.37100009346, 1.20090436935, 0.0297861173749, -0.881836235523, 0.999687969685, 0.0111384969205, 0.00653021736071, -0.0213820748031
2.38700009346, 1.20090830326, 0.0297846402973, -0.881833076477, 0.999687075615, 0.0111077167094, 0.00647383928299, -0.0214551985264
2.38700009346, 1.20090663433, 0.0297820791602, -0.881832957268, 0.999688208103, 0.0111000789329, 0.00656993547454, -0.0213782526553
2.40300009346, 1.20090579987, 0.0297851096839, -0.881846666336, 0.999690532684, 0.0108250789344, 0.0065408567898, -0.0214236862957
2.40300009346, 1.20090711117, 0.0297799315304, -0.881835341454, 0.999685168266, 0.0114202275872, 0.00649209413677, -0.0213772729039
2.41800009346, 1.20090639591, 0.0297792926431, -0.881843864918, 0.999694108963, 0.0106083285064, 0.00657400302589, -0.0213532391936
2.41800009346, 1.20090186596, 0.0297747068107, -0.881847977638, 0.999695360661, 0.0107865873724, 0.00651595881209, -0.0212235152721
2.43400009346, 1.20090961456, 0.0297955237329, -0.881824433804, 0.999678909779, 0.0116738500074, 0.00658861501142, -0.0215046759695
2.43400009346, 1.20090734959, 0.029796699062, -0.881832122803, 0.999684095383, 0.0114728370681, 0.00650951359421, -0.0213900413364
2.44900009346, 1.20090901852, 0.0297930911183, -0.881837248802, 0.999687671661, 0.0111716147512, 0.00658806134015, -0.0213607661426
2.46500009346, 1.20090615749, 0.0297941807657, -0.881835520267, 0.999687075615, 0.0110921692103, 0.00654468778521, -0.0214417222887
2.46500009346, 1.20090806484, 0.0297853071243, -0.881832182407, 0.999686539173, 0.0111770313233, 0.0065559996292, -0.0214219987392
2.48100009346, 1.20090568066, 0.0297857150435, -0.881828725338, 0.999687254429, 0.0112319169566, 0.006526267156, -0.0213658735156
2.48100009346, 1.20090866089, 0.0297828949988, -0.881834447384, 0.999687254429, 0.0111389989033, 0.00655976682901, -0.0214056055993
2.49600009346, 1.20091032982, 0.0297913216054, -0.881819784641, 0.999679982662, 0.0118611594662, 0.00649900315329, -0.021377241239
2.49600009346, 1.20091199875, 0.0297851599753, -0.881829619408, 0.999688327312, 0.0111285122111, 0.00655908510089, -0.021363094449
2.51200009346, 1.20090961456, 0.0297893155366, -0.881832838058, 0.999679267406, 0.0116105554625, 0.00652155419812, -0.0215409584343
2.51200009346, 1.20091021061, 0.0297782737762, -0.881843209267, 0.999689340591, 0.0110153397545, 0.00653508817777, -0.0213783383369
2.52700009346, 1.20090448856, 0.0297878887504, -0.881820559502, 0.999675452709, 0.011948460713, 0.00650998856872, -0.0215381234884
2.52700009346, 1.20090806484, 0.0297860242426, -0.881827533245, 0.999680995941, 0.0115084247664, 0.00648610386997, -0.0215231459588
2.54300009346, 1.20090067387, 0.0297873523086, -0.881835460663, 0.999689161777, 0.0111387604848, 0.00656341295689, -0.0213161222637
2.54300009346, 1.2009049654, 0.0297839995474, -0.881842672825, 0.999690949917, 0.0108784008771, 0.00651124306023, -0.0213846564293
2.57400009346, 1.2009074688, 0.0297937020659, -0.881830871105, 0.999680638313, 0.0117079187185, 0.00652427924797, -0.0214235559106
2.57400009346, 1.20089948177, 0.0297821667045, -0.881849706173, 0.999697864056, 0.0104210684076, 0.00654058437794, -0.021279156208
2.59000009346, 1.2009100914, 0.0297851432115, -0.881838142872, 0.999690711498, 0.0109031312168, 0.00655006617308, -0.0213710106909
2.59000009346, 1.20091211796, 0.0297963283956, -0.881818115711, 0.999673306942, 0.0119497636333, 0.00650975620374, -0.0216356683522
2.59000009346, 1.20090639591, 0.0297845844179, -0.881839096546, 0.999689877033, 0.0110310539603, 0.00659294612706, -0.0213314443827
2.60500009346, 1.2009152174, 0.0297915618867, -0.881824553013, 0.999683976173, 0.0113990688697, 0.00654012942687, -0.0214256662875
2.60500009346, 1.20090818405, 0.0297759938985, -0.881857395172, 0.999702036381, 0.0101869180799, 0.00655316188931, -0.02119092457
2.62100009346, 1.20091187954, 0.0297892279923, -0.881831049919, 0.999685943127, 0.01130364649, 0.00661046430469, -0.0213635340333
2.62100009346, 1.20098102093, 0.0299008917063, -0.881914258003, 0.999573290348, 0.0172513872385, 0.00140737160109, -0.0235314555466
2.63700009346, 1.20090472698, 0.0297931209207, -0.88183671236, 0.999684929848, 0.0113038364798, 0.00652172090486, -0.0214405115694
2.63700009346, 1.20091044903, 0.0297905709594, -0.881831586361, 0.999686479568, 0.0111966431141, 0.00649081170559, -0.0214343387634
2.65200009346, 1.2009023428, 0.0297838188708, -0.881845653057, 0.999693989754, 0.0107900705189, 0.00657701771706, -0.0212660077959
2.65200009346, 1.20090723038, 0.0297856945544, -0.881836593151, 0.999688029289, 0.0111508518457, 0.00654287729412, -0.0213698372245
2.66800009346, 1.20090425014, 0.0297824926674, -0.881836950779, 0.999685525894, 0.0111628882587, 0.00652422104031, -0.0214827749878
2.66800009346, 1.20091056824, 0.0297960918397, -0.881826877594, 0.999677717686, 0.0118414890021, 0.00654823007062, -0.0214769411832
2.68300009346, 1.20090615749, 0.0297821760178, -0.881843924522, 0.999689519405, 0.0110722985119, 0.00658045802265, -0.0213274769485
2.68300009346, 1.20090508461, 0.0297844875604, -0.881835222244, 0.999689817429, 0.0110581666231, 0.00656230514869, -0.0213277861476
2.69900009346, 1.20090699196, 0.029784148559, -0.881840348244, 0.999689340591, 0.0110342949629, 0.0065559190698, -0.0213645510375
2.71500009346, 1.2009125948, 0.0297981668264, -0.881820499897, 0.999676704407, 0.011892718263, 0.00655748462304, -0.0214927941561
2.71500009346, 1.2009036541, 0.029777655378, -0.881842851639, 0.999695003033, 0.0105643654242, 0.00656801555306, -0.0213331226259
2.73000009346, 1.20090818405, 0.0297925770283, -0.881820201874, 0.999681591988, 0.0115322582424, 0.00645559187979, -0.0214934870601
2.73000009346, 1.2009125948, 0.029789255932, -0.881819665432, 0.999678790569, 0.0117213940248, 0.0065431650728, -0.02149788104
2.74600009346, 1.20090818405, 0.0297916289419, -0.881831943989, 0.999686539173, 0.0111811039969, 0.00654933275655, -0.021421385929
2.74600009346, 1.20091032982, 0.029786862433, -0.881830990314, 0.999687850475, 0.0110477786511, 0.00654283072799, -0.0214307401329
2.76100009346, 1.20090377331, 0.0297816582024, -0.881832063198, 0.999687850475, 0.0110718114302, 0.00661191670224, -0.02139826864
2.76100009346, 1.2009036541, 0.0297965034842, -0.881823122501, 0.999673545361, 0.0119809340686, 0.00647845538333, -0.0216143522412
2.77700009346, 1.20090675354, 0.0297850929201, -0.881836652756, 0.999687194824, 0.0111823091283, 0.00658949883655, -0.0213767383248
2.77700009346, 1.20090436935, 0.029780715704, -0.881841421127, 0.999691188335, 0.0108835864812, 0.00651057576761, -0.0213688276708
2.79300009346, 1.20091283321, 0.0297966431826, -0.881820499897, 0.999673962593, 0.0120318885893, 0.00651210127398, -0.0215586777776
2.80800009346, 1.20090913773, 0.0297948271036, -0.881832957268, 0.999669313431, 0.0124390292913, 0.00660849455744, -0.0215139258653
2.82400009346, 1.20090293884, 0.0297858621925, -0.881833672523, 0.999690294266, 0.0110382596031, 0.00664865784347, -0.0212931465358
2.82400009346, 1.20098090172, 0.0299091972411, -0.881906032562, 0.999564170837, 0.0177054442465, 0.00135324813891, -0.0235830061138
2.83900009346, 1.20090007782, 0.0297796204686, -0.881843388081, 0.999695003033, 0.0107339425012, 0.00653295498341, -0.0212581679225
2.83900009346, 1.20090925694, 0.0297844130546, -0.881837368011, 0.999690234661, 0.0110646355897, 0.00657412782311, -0.0213016606867
2.83900009346, 1.20090222359, 0.0297895483673, -0.881831765175, 0.999686837196, 0.0113166393712, 0.00653537968174, -0.0213415175676
2.85500009346, 1.20091056824, 0.0297887902707, -0.881830513477, 0.99968111515, 0.0115191433579, 0.00645409664139, -0.0215223450214
2.85500009346, 1.20090591908, 0.0297807939351, -0.881833910942, 0.999687433243, 0.0110965352505, 0.00658739032224, -0.021411543712
2.87100009346, 1.20090782642, 0.0297871064395, -0.88183838129, 0.999687492847, 0.0112313805148, 0.00664712954313, -0.0213192943484
2.87100009346, 1.20090508461, 0.0297905132174, -0.881821215153, 0.999674618244, 0.0121496627107, 0.00649533234537, -0.021467929706
2.88600009346, 1.2009062767, 0.0297770835459, -0.881849646568, 0.999693274498, 0.0108673386276, 0.00654083117843, -0.0212720260024
2.88600009346, 1.20091104507, 0.0298026651144, -0.881822884083, 0.999674618244, 0.0120508484542, 0.00660842098296, -0.021489854902
2.90200009346, 1.20090401173, 0.0297789983451, -0.881855547428, 0.999699294567, 0.0105222966522, 0.00657161837444, -0.021150700748
2.90200009346, 1.20090663433, 0.0297885276377, -0.881834208965, 0.999686300755, 0.0112484768033, 0.00648003583774, -0.0214168634266
2.91700009346, 1.20090699196, 0.0297901723534, -0.881832122803, 0.999684870243, 0.0114024654031, 0.00658172834665, -0.0213751234114
2.91700009346, 1.20090150833, 0.0297793410718, -0.881851792336, 0.999700188637, 0.0102039501071, 0.00655860034749, -0.0212687700987
2.93300009346, 1.20090436935, 0.0297805275768, -0.881852090359, 0.999699950218, 0.0103977657855, 0.00660772621632, -0.0211712438613
2.93300009346, 1.20091044903, 0.0297889374197, -0.881829679012, 0.999681890011, 0.0115195820108, 0.00656036287546, -0.021453499794
2.94900009346, 1.2009036541, 0.0297743491828, -0.88184428215, 0.999692261219, 0.0108096022159, 0.00652122171596, -0.0213553886861
2.96400009346, 1.20091092587, 0.0297809541225, -0.881841599941, 0.99968880415, 0.0110143311322, 0.00654935790226, -0.0214026905596
2.96400009346, 1.2009074688, 0.0297840777785, -0.881829202175, 0.99968880415, 0.0111868744716, 0.00667182961479, -0.0212743319571
2.98000009346, 1.2009125948, 0.0297913309187, -0.881827652454, 0.999683856964, 0.0113944867626, 0.00658685900271, -0.0214201882482
2.98000009346, 1.20090651512, 0.0297821313143, -0.881850540638, 0.999694824219, 0.0107355657965, 0.00649883877486, -0.0212800092995
2.99500009346, 1.20091342926, 0.0297936238348, -0.881825208664, 0.999673008919, 0.012057967484, 0.00655329041183, -0.0215737465769
2.99500009346, 1.20097601414, 0.0298908762634, -0.881921231747, 0.999584376812, 0.0166496708989, 0.00146532524377, -0.0234890580177
3.01100009346, 1.20090484619, 0.029798515141, -0.881811141968, 0.999669373035, 0.0122667746618, 0.00648565404117, -0.0216466598213
3.01100009346, 1.20090711117, 0.0297804716974, -0.881857454777, 0.999698102474, 0.010474793613, 0.00652647484094, -0.0212468318641
3.02700009346, 1.20090818405, 0.0297839641571, -0.881835579872, 0.999688029289, 0.0112124141306, 0.00656323414296, -0.0213318243623
3.02700009346, 1.2009087801, 0.0297949891537, -0.881829321384, 0.999686539173, 0.0113217998296, 0.00656321085989, -0.0213435534388
3.05800009346, 1.2009100914, 0.0297955684364, -0.881821334362, 0.999675393105, 0.0119729526341, 0.00651250593364, -0.0215230062604
3.05800009346, 1.20090675354, 0.0297862160951, -0.88182759285, 0.999682128429, 0.0114913042635, 0.00651369197294, -0.0214726030827
3.07300009346, 1.20091128349, 0.0297901052982, -0.881826937199, 0.999677300453, 0.0118388505653, 0.00650484254584, -0.0215113647282
3.07300009346, 1.20090615749, 0.0297709833831, -0.881849765778, 0.999694883823, 0.0106104053557, 0.00654469337314, -0.0213225092739
3.07300009346, 1.20091176033, 0.029789801687, -0.88182759285, 0.999680042267, 0.0115886768326, 0.00644781673327, -0.021538246423
3.08900009346, 1.20090699196, 0.0297898352146, -0.881826102734, 0.999683737755, 0.0115332119167, 0.0065842224285, -0.021357556805
3.08900009346, 1.2009139061, 0.0297864172608, -0.881830990314, 0.999682307243, 0.0113474596292, 0.00650532264262, -0.0215457268059
3.10500009346, 1.20090961456, 0.0297935791314, -0.881828546524, 0.999684512615, 0.011406169273, 0.00658355234191, -0.0213854312897
3.10500009346, 1.20090568066, 0.0297841336578, -0.881834328175, 0.999688982964, 0.0111622381955, 0.00652895169333, -0.0213227458298
3.12000009346, 1.20091283321, 0.0297901332378, -0.881840705872, 0.999684095383, 0.0112480008975, 0.00659319059923, -0.0214841589332
3.12000009346, 1.20090758801, 0.0297864507884, -0.881833791733, 0.999686598778, 0.0111853173003, 0.0065027740784, -0.0214322805405
3.13600009346, 1.20090389252, 0.0297825876623, -0.881845593452, 0.999691963196, 0.0110345780849, 0.00648276973516, -0.0212650634348
3.13600009346, 1.20090520382, 0.02978826873, -0.881830215454, 0.999682724476, 0.0116228498518, 0.00655709160492, -0.0213610809296
3.15100009346, 1.20090723038, 0.0297801252455, -0.881838977337, 0.999688982964, 0.0112321618944, 0.00664145778865, -0.0212539490312
3.15100009346, 1.20090925694, 0.0297896619886, -0.881831049919, 0.999680876732, 0.0114200180396, 0.00650368910283, -0.0215702932328
3.16700009346, 1.20090556145, 0.0297772418708, -0.881852269173, 0.999697029591, 0.0103969331831, 0.00652021588758, -0.0213366150856
3.16700009346, 1.20098781586, 0.0299039892852, -0.881909132004, 0.999565064907, 0.0177321955562, 0.0013910215348, -0.0235239826143
3.18300009346, 1.20090913773, 0.0297856591642, -0.881831169128, 0.999683737755, 0.0114350011572, 0.00658006733283, -0.0214106701314
3.19800009346, 1.20090591908, 0.0297747459263, -0.881844103336, 0.999694883823, 0.0105718076229, 0.00652354210615, -0.0213490650058
3.19800009346, 1.20090997219, 0.0297833029181, -0.881837308407, 0.999687373638, 0.0111811961979, 0.00652308948338, -0.0213898885995
3.21400009346, 1.20091176033, 0.0297835376114, -0.881837189198, 0.999691486359, 0.0109299095348, 0.00660827709362, -0.0213012583554
3.21400009346, 1.2009100914, 0.0297852512449, -0.881841182709, 0.999692499638, 0.0108769610524, 0.00658719986677, -0.0212896410376
3.22900009346, 1.2009074688, 0.0297952406108, -0.881816744804, 0.999679803848, 0.0117938192561, 0.00663756672293, -0.0213804934174
3.22900009346, 1.20091044903, 0.0297845806926, -0.881839871407, 0.99969291687, 0.0107345841825, 0.00652123009786, -0.0213582012802
3.24500009346, 1.20090723038, 0.0297858081758, -0.881838023663, 0.999686717987, 0.0114555526525, 0.00650174915791, -0.0212814752012
3.24500009346, 1.20090687275, 0.0298020169139, -0.881811320782, 0.999658823013, 0.0130835790187, 0.00652799010277, -0.0216419100761
3.26100009346, 1.20090997219, 0.0297833103687, -0.881837487221, 0.999689996243, 0.0110944667831, 0.00657710293308, -0.0212946385145
3.26100009346, 1.20091354847, 0.0298067759722, -0.881804049015, 0.999651253223, 0.0135415727273, 0.0066038267687, -0.0216890517622
3.27600009346, 1.20090842247, 0.0297870058566, -0.8818359375, 0.999685764313, 0.0114175248891, 0.00653669983149, -0.0213345959783
3.29200009346, 1.20090794563, 0.0297845490277, -0.881830096245, 0.999683618546, 0.0114297261462, 0.00653663650155, -0.0214302036911
3.30700009346, 1.20090520382, 0.029787266627, -0.881821095943, 0.999679744244, 0.0117906564847, 0.0064710942097, -0.0214365404099
3.30700009346, 1.2009165287, 0.0297944899648, -0.881816148758, 0.999682486057, 0.0115882791579, 0.006522112526, -0.0214022230357
3.30700009346, 1.20090425014, 0.0297776348889, -0.881846129894, 0.999692201614, 0.0106731429696, 0.00655342359096, -0.0214158147573
3.32300009346, 1.2009114027, 0.0297892149538, -0.881826043129, 0.999680697918, 0.0115655697882, 0.00656679598615, -0.021487750113
3.32300009346, 1.20090603828, 0.0297833327204, -0.8818385005, 0.999687731266, 0.0111478175968, 0.00654650246724, -0.0213843658566
3.33900009346, 1.20090937614, 0.0297844130546, -0.88183170557, 0.999682068825, 0.0115076582879, 0.00652463641018, -0.0214665606618
3.33900009346, 1.20090544224, 0.0297815930098, -0.881841421127, 0.999687850475, 0.0111096752807, 0.00657024420798, -0.0213910508901
3.35400009346, 1.20090925694, 0.0297945402563, -0.881825089455, 0.999675631523, 0.0120679466054, 0.00656745582819, -0.0214438643306
3.35400009346, 1.20091176033, 0.0298018883914, -0.881814002991, 0.999666750431, 0.012555626221, 0.0065256152302, -0.0215888135135
3.37000009346, 1.20089912415, 0.0297778733075, -0.881859719753, 0.999701619148, 0.0103327911347, 0.00657620141283, -0.0211318712682
3.37000009346, 1.20090806484, 0.0297939497977, -0.881825208664, 0.999673545361, 0.0121459281072, 0.00658756587654, -0.0214878935367
3.38500009346, 1.20090675354, 0.0297794640064, -0.881850004196, 0.9996945858, 0.0106869973242, 0.00655134255067, -0.0212990213186
3.38500009346, 1.2009036541, 0.0297842565924, -0.881835281849, 0.999687314034, 0.0112051954493, 0.00657997466624, -0.0213628765196
3.40100009346, 1.20090639591, 0.0297892745584, -0.881835460663, 0.999686658382, 0.0112174926326, 0.00655976496637, -0.0213936045766
3.40100009346, 1.20091450214, 0.0297953076661, -0.881816923618, 0.999669969082, 0.012176938355, 0.00650390936062, -0.0216661747545
3.41700009346, 1.20090460777, 0.0297852065414, -0.881839036942, 0.999691545963, 0.0110131939873, 0.00655414490029, -0.0212744288146
3.41700009346, 1.20091044903, 0.0297828931361, -0.881833612919, 0.999685585499, 0.0111911762506, 0.0065089110285, -0.021474134177
3.43200009346, 1.2009087801, 0.0297709424049, -0.881840705872, 0.999689996243, 0.0110698668286, 0.0065491902642, -0.0213154051453
3.44800009346, 1.20091199875, 0.0297882594168, -0.881826877594, 0.999677062035, 0.0117745678872, 0.00650212727487, -0.0215615220368
3.44800009346, 1.20090997219, 0.0297812763602, -0.881844103336, 0.999687969685, 0.0112524870783, 0.00655649602413, -0.0213166996837
3.46300009346, 1.20090675354, 0.0297805741429, -0.881830215454, 0.999684274197, 0.0113284373656, 0.00646221637726, -0.0214760154486
3.46300009346, 1.20091080666, 0.0297913122922, -0.88183349371, 0.999690592289, 0.011011954397, 0.00659473054111, -0.0213035754859
3.47900009346, 1.20089745522, 0.0297837834805, -0.881842672825, 0.999696791172, 0.0106668705121, 0.00672935741022, -0.0211515463889
3.47900009346, 1.20090794563, 0.0297992732376, -0.881828725338, 0.999680399895, 0.0117188086733, 0.00660067843273, -0.0214026030153
3.49500009346, 1.20090568066, 0.0297691915184, -0.881851732731, 0.99969792366, 0.0104938140139, 0.00651004165411, -0.0212495718151
3.49500009346, 1.20090794563, 0.0297872126102, -0.881830215454, 0.99968123436, 0.011618017219, 0.00654569081962, -0.0214355736971
3.51000009346, 1.20090579987, 0.0297922920436, -0.881821274757, 0.999680042267, 0.0116289937869, 0.00656082294881, -0.0214795712382
3.52600009346, 1.20090949535, 0.0297802314162, -0.881839036942, 0.99968880415, 0.0112237809226, 0.00658671464771, -0.0212832186371
3.54100009346, 1.20090532303, 0.029780741781, -0.88184350729, 0.99969124794, 0.0110178971663, 0.00654178019613, -0.0212866682559
3.54100009346, 1.20092022419, 0.0297934506088, -0.88180822134, 0.999671339989, 0.0121753467247, 0.00658740056679, -0.021576359868
3.54100009346, 1.2009036541, 0.029782038182, -0.881829857826, 0.999686002731, 0.0112933320925, 0.00648213597015, -0.0214102230966
3.54100009346, 1.20090651512, 0.0297803599387, -0.881834506989, 0.99968713522, 0.0113004194573, 0.00662842439488, -0.0213055256754
3.57300009346, 1.20091056824, 0.0297834798694, -0.881831049919, 0.999688923359, 0.0111841149628, 0.0064895725809, -0.021326225251
3.57300009346, 1.20091128349, 0.0297886990011, -0.881836652756, 0.999683558941, 0.0113497171551, 0.00654719769955, -0.0214727036655
3.57300009346, 1.20090723038, 0.0297840964049, -0.881844580173, 0.999693334103, 0.0107949897647, 0.00650200992823, -0.0213167890906
3.58800009346, 1.20090842247, 0.0297911185771, -0.881823062897, 0.999683797359, 0.0113635212183, 0.0064724329859, -0.0214790254831
3.58800009346, 1.20090019703, 0.0297599434853, -0.881863474846, 0.999704539776, 0.010039572604, 0.00662750098854, -0.0211188942194
3.60400009346, 1.2009087801, 0.0297870077193, -0.881840348244, 0.999690890312, 0.0110030230135, 0.00658919475973, -0.021299066022
3.60400009346, 1.20091319084, 0.0298025086522, -0.881805002689, 0.999650657177, 0.0135261006653, 0.00646741455421, -0.0217657554895
3.61900009346, 1.20091128349, 0.0297818798572, -0.88184005022, 0.999686717987, 0.0113166784868, 0.0065247588791, -0.0213499534875
3.61900009346, 1.20091104507, 0.029777161777, -0.881851971149, 0.9996920228, 0.0108291050419, 0.00655796332285, -0.0213450770825
3.63500009346, 1.20090830326, 0.0297729689628, -0.881829917431, 0.999688386917, 0.0111681139097, 0.00668848957866, -0.0212992057204
3.63500009346, 1.20090997219, 0.0297949556261, -0.881816625595, 0.999670147896, 0.0122941965237, 0.00645362585783, -0.0216039866209
3.65100009346, 1.20091128349, 0.0297846384346, -0.881840288639, 0.999687254429, 0.0111360112205, 0.00656501948833, -0.0214060600847
3.65100009346, 1.20090711117, 0.0297794956714, -0.881826579571, 0.999688982964, 0.0111553445458, 0.00663192430511, -0.0212955903262
3.66600009346, 1.20090770721, 0.0297902841121, -0.881837964058, 0.999686121941, 0.0113028194755, 0.00659513380378, -0.021359924227
3.66600009346, 1.20090889931, 0.029774479568, -0.881832778454, 0.999686837196, 0.0112443640828, 0.00653560599312, -0.0213769897819
3.68200009346, 1.20091366768, 0.0297825094312, -0.881833314896, 0.999685704708, 0.0113764619455, 0.00653618853539, -0.0213595535606
3.69700009346, 1.20091104507, 0.0297965388745, -0.881813168526, 0.999668896198, 0.0123637411743, 0.00658469600603, -0.0215824060142
3.69700009346, 1.20090711117, 0.0297869443893, -0.881824493408, 0.999679863453, 0.0118226939812, 0.00662247510627, -0.0213645808399
3.71300009346, 1.20090806484, 0.0297754984349, -0.881846487522, 0.999691307545, 0.0109298713505, 0.00652560265735, -0.0213368646801
3.71300009346, 1.20090615749, 0.0298025794327, -0.881800115108, 0.999650776386, 0.0135188829154, 0.00655920943245, -0.0217345990241
3.72900009346, 1.2009125948, 0.0297894179821, -0.881818950176, 0.999674737453, 0.0121206808835, 0.00660797953606, -0.0214468166232
3.72900009346, 1.20091235638, 0.0297823138535, -0.881830811501, 0.999682307243, 0.0115886973217, 0.0064974729903, -0.0214166622609
3.74400009346, 1.20090556145, 0.0297830607742, -0.881829082966, 0.999688565731, 0.0111635038629, 0.00648234318942, -0.0213580597192
3.74400009346, 1.20090389252, 0.0297883171588, -0.881837069988, 0.999688088894, 0.0111882956699, 0.00654240325093, -0.021346770227
3.76000009346, 1.20091044903, 0.029785271734, -0.881813943386, 0.999678790569, 0.0117071997374, 0.00648477720097, -0.0215218197554
3.77500009346, 1.20090830326, 0.0297834631056, -0.881831109524, 0.999685704708, 0.0115046426654, 0.00659663463011, -0.021271571517
3.79100009346, 1.20091187954, 0.0297907795757, -0.881828188896, 0.999679982662, 0.0115266246721, 0.00653553241864, -0.021547621116
3.79100009346, 1.20091366768, 0.0297905430198, -0.881827116013, 0.999680817127, 0.0116632385179, 0.00657355133444, -0.0214237067848
3.79100009346, 1.2009074688, 0.0297887995839, -0.8818333745, 0.999686539173, 0.0113674933091, 0.0065365950577, -0.0213278140873
3.80700009346, 1.2009036541, 0.0297757070512, -0.88184261322, 0.999692082405, 0.0109610697255, 0.00661738449708, -0.0212572123855
3.80700009346, 1.20091247559, 0.0297822412103, -0.881837010384, 0.999683916569, 0.0113728102297, 0.00651488779113, -0.0214558169246
3.82200009346, 1.2009100914, 0.0297802276909, -0.881834924221, 0.99968713522, 0.01121673733, 0.00654960889369, -0.0213751289994
3.82200009346, 1.20091104507, 0.0297859795392, -0.881822347641, 0.999677717686, 0.0118071688339, 0.00652541033924, -0.0215050783008
3.83800009346, 1.20091307163, 0.029790231958, -0.881834864616, 0.999684989452, 0.0112660359591, 0.0065342374146, -0.0214541647583
3.83800009346, 1.20090687275, 0.0297751743346, -0.881853222847, 0.999698519707, 0.0103963520378, 0.00643397448584, -0.0212917476892
3.85300009346, 1.20090723038, 0.0297870151699, -0.881826579571, 0.999680459499, 0.0115651516244, 0.00652701733634, -0.0215088874102
3.85300009346, 1.20090532303, 0.0297877062112, -0.881832897663, 0.999687373638, 0.011266887188, 0.00651265913621, -0.0213516838849
3.86900009346, 1.20090866089, 0.029781434685, -0.881850540638, 0.999690055847, 0.0109444074333, 0.0066057969816, -0.0213622543961
3.86900009346, 1.20091342926, 0.0297806877643, -0.881838262081, 0.999691009521, 0.0109399389476, 0.00654679350555, -0.0213361848146
3.88500009346, 1.20091164112, 0.0297780688852, -0.881849944592, 0.999690055847, 0.0110411876813, 0.00652229273692, -0.0213382747024
3.88500009346, 1.20091950893, 0.029794940725, -0.881805956364, 0.999662637711, 0.0126664415002, 0.00652173813432, -0.0217125341296
3.90000009346, 1.20090854168, 0.0297805201262, -0.881836414337, 0.999684631824, 0.0112650496885, 0.00658714026213, -0.0214546248317
3.90000009346, 1.20091104507, 0.0297914985567, -0.881827890873, 0.99967956543, 0.011835754849, 0.00659658806399, -0.0213785395026
3.91600009346, 1.20091104507, 0.029782872647, -0.881819486618, 0.999675869942, 0.0118806129321, 0.0065228077583, -0.0215483959764
3.93100009346, 1.20091056824, 0.0297782942653, -0.881846964359, 0.999691843987, 0.0108904838562, 0.0065475711599, -0.0213247369975
3.93100009346, 1.20091736317, 0.0298051349819, -0.881805896759, 0.999668180943, 0.0123179676011, 0.0065798247233, -0.0216441191733
3.94700009346, 1.20090794563, 0.0297935735434, -0.881824433804, 0.999678730965, 0.0117707261816, 0.00655419565737, -0.021467095241
3.94700009346, 1.2009087801, 0.0297783855349, -0.881839811802, 0.999690592289, 0.0109766237438, 0.00654494110495, -0.0213400796056
3.96300009346, 1.20090425014, 0.02978140302, -0.881841897964, 0.999689936638, 0.0110335610807, 0.00652411347255, -0.0213452354074
3.96300009346, 1.20090663433, 0.0297925900668, -0.881825149059, 0.999681711197, 0.0115834083408, 0.00658895866945, -0.0214203577489
3.97800009346, 1.20091438293, 0.0297826901078, -0.88183349371, 0.99967944622, 0.0115348277614, 0.00645564077422, -0.0215900652111
3.97800009346, 1.20091354847, 0.0297942012548, -0.881819188595, 0.999677538872, 0.0119846109301, 0.00665022432804, -0.0213770512491
3.99400009346, 1.20091104507, 0.0297992527485, -0.881805598736, 0.9996535182, 0.0133501561359, 0.00647306721658, -0.021739397198
3.99400009346, 1.2009125948, 0.0297981314361, -0.881800055504, 0.999652087688, 0.0133583815768, 0.00645196158439, -0.0218065306544
4.02500009346, 1.20091462135, 0.0297840759158, -0.88183683157, 0.999685227871, 0.0113349463791, 0.00662326486781, -0.0213786140084
4.02500009346, 1.20090579987, 0.0297802463174, -0.881823897362, 0.999688744545, 0.0110965697095, 0.00667329598218, -0.0213234256953
4.04100009346, 1.20090866089, 0.0297894887626, -0.881828069687, 0.999678790569, 0.0117988754064, 0.0064922622405, -0.0214681439102
4.04100009346, 1.2009100914, 0.0297922194004, -0.881823837757, 0.999682545662, 0.0115489214659, 0.00654617184773, -0.0214146226645
4.04100009346, 1.20090579987, 0.0297794155777, -0.881851375103, 0.99969637394, 0.0105862990022, 0.0066069397144, -0.0212448295206
4.05600009346, 1.20090758801, 0.0297964606434, -0.881827652454, 0.999682843685, 0.0115583967417, 0.00658242404461, -0.0213847514242
4.05600009346, 1.20090329647, 0.0297687556595, -0.881851553917, 0.999696195126, 0.0104252379388, 0.006459324155, -0.0213791523129
4.07200009346, 1.20090854168, 0.0297874286771, -0.881832838058, 0.999685704708, 0.0113513916731, 0.00652593793347, -0.021378390491
4.07200009346, 1.20091438293, 0.0297967959195, -0.881802797318, 0.999664485455, 0.0126853436232, 0.00654214899987, -0.0216110497713
4.08700009346, 1.20090913773, 0.0297886859626, -0.881808876991, 0.999664664268, 0.0127694038674, 0.00661283032969, -0.0215350389481
4.08700009346, 1.20090723038, 0.0297977980226, -0.881806075573, 0.999658286572, 0.0133070759475, 0.00656508374959, -0.021519811824
4.10300009346, 1.20091867447, 0.0298035815358, -0.881798744202, 0.999652087688, 0.0134776756167, 0.00655330065638, -0.0217041168362
4.10300009346, 1.20091128349, 0.0297767352313, -0.881832540035, 0.999688506126, 0.0111210346222, 0.00651421397924, -0.0213708560914
4.11900009346, 1.20090556145, 0.0297891497612, -0.88183516264, 0.999689161777, 0.0112004233524, 0.00655635353178, -0.021285071969
4.11900009346, 1.20091545582, 0.0297917257994, -0.881821095943, 0.999676823616, 0.0120209902525, 0.0066044498235, -0.021405396983
4.13400009346, 1.20090937614, 0.0297891963273, -0.881846249104, 0.99968791008, 0.0112509485334, 0.00651433737949, -0.0213309898973
4.13400009346, 1.20098423958, 0.0298922806978, -0.881924331188, 0.999576032162, 0.017136823386, 0.00135669275187, -0.0235002953559
4.15000009346, 1.20090985298, 0.0297847464681, -0.881828129292, 0.999682247639, 0.0114592649043, 0.00649183336645, -0.0214898940176
4.15000009346, 1.20090794563, 0.0297881215811, -0.881832718849, 0.99968367815, 0.0113296816126, 0.00662425765768, -0.0214536972344
4.16500009346, 1.20091176033, 0.0297886263579, -0.881831228733, 0.999681591988, 0.0116377407685, 0.00657209195197, -0.0214025769383
4.18100009346, 1.20090949535, 0.0297802761197, -0.881838738918, 0.999686777592, 0.0113056506962, 0.00656761648133, -0.021341200918
4.18100009346, 1.20090639591, 0.0297805964947, -0.881842553616, 0.99968880415, 0.0111864311621, 0.00657489895821, -0.021305155009
4.19700009346, 1.20090913773, 0.0297820009291, -0.881834149361, 0.999689638615, 0.011156572029, 0.00656657014042, -0.0212873201817
4.19700009346, 1.20091068745, 0.0297915432602, -0.881832480431, 0.999679207802, 0.0117624681443, 0.00655528856441, -0.0214498192072
4.21200009346, 1.20090973377, 0.0297708120197, -0.881844103336, 0.999693214893, 0.0107810022309, 0.00654937746003, -0.0213165357709
4.21200009346, 1.20091044903, 0.029782647267, -0.881848692894, 0.99969035387, 0.0109865460545, 0.00654414435849, -0.0213466174901
4.22800009346, 1.20090651512, 0.0297812782228, -0.881837427616, 0.999688863754, 0.0111210169271, 0.00654638232663, -0.0213453508914
4.22800009346, 1.2009190321, 0.0298027861863, -0.88180744648, 0.999671161175, 0.0121735418215, 0.00651023862883, -0.02160978131
4.24300009346, 1.20090401173, 0.0297848656774, -0.881839215755, 0.999688744545, 0.0111208073795, 0.00656406115741, -0.0213458910584
4.25900009346, 1.200912714, 0.029792746529, -0.881820738316, 0.999672591686, 0.012060219422, 0.00657013338059, -0.0215902384371
4.27500009346, 1.20091283321, 0.0297934878618, -0.881818473339, 0.999682366848, 0.0116327535361, 0.00654554460198, -0.0213755797595
4.27500009346, 1.2009125948, 0.0297806207091, -0.881836593151, 0.999686002731, 0.0113088553771, 0.00658592535183, -0.021365750581
4.27500009346, 1.20091235638, 0.0297877974808, -0.881818711758, 0.999674737453, 0.0120566822588, 0.00654702773318, -0.021496348083
4.27500009346, 1.20090949535, 0.0297836046666, -0.881835699081, 0.999680459499, 0.0115998890251, 0.00655616819859, -0.0214810855687
4.30600009346, 1.20091795921, 0.0297844596207, -0.88182926178, 0.99968290329, 0.0114912902936, 0.00653094192967, -0.0214310344309
4.30600009346, 1.20090544224, 0.0297882892191, -0.88183516264, 0.999684154987, 0.0114006940275, 0.00665704440325, -0.0213838480413
4.30600009346, 1.20091223717, 0.0297865252942, -0.881831765175, 0.999679267406, 0.011668975465, 0.00645688222721, -0.0215298663825
4.32100009346, 1.2009125948, 0.0297873225063, -0.881835997105, 0.99968624115, 0.011352211237, 0.00652573490515, -0.021351788193
4.32100009346, 1.20090937614, 0.0297937616706, -0.881830990314, 0.999688208103, 0.0111124627292, 0.00653635058552, -0.021385660395
4.33700009346, 1.20091164112, 0.0297912172973, -0.88182580471, 0.999678492546, 0.0117634311318, 0.0065568885766, -0.0214791279286
4.33700009346, 1.20090937614, 0.0297908000648, -0.8818359375, 0.99968457222, 0.0114516075701, 0.00656783021986, -0.0213626362383
4.35300009346, 1.20091354847, 0.0297862999141, -0.88182747364, 0.999680876732, 0.0116193527356, 0.00654835207388, -0.021451883018
4.35300009346, 1.20091319084, 0.0297961067408, -0.881820261478, 0.999674916267, 0.0119851594791, 0.00656643789262, -0.0215262379497
4.36800009346, 1.20090854168, 0.0297775492072, -0.881835579872, 0.999682962894, 0.0115018188953, 0.00650812825188, -0.0214327871799
4.36800009346, 1.20090711117, 0.0297867041081, -0.881821990013, 0.99967610836, 0.0119735039771, 0.0064599364996, -0.0215053334832
4.38400009346, 1.20098435879, 0.0298992954195, -0.881926000118, 0.999572336674, 0.0173489097506, 0.00144522846676, -0.0234991312027
4.38400009346, 1.20091354847, 0.0297927893698, -0.881831467152, 0.999678790569, 0.0116985766217, 0.00656733009964, -0.021502295509
4.39900009346, 1.2009074688, 0.0297793932259, -0.881847500801, 0.999693453312, 0.0108396653086, 0.00662875920534, -0.02124799788
4.41500009346, 1.20090889931, 0.029792143032, -0.881827056408, 0.999683320522, 0.0115660978481, 0.00651281327009, -0.0213762558997
4.41500009346, 1.20091128349, 0.0297819245607, -0.881842792034, 0.999689877033, 0.011186234653, 0.00654653506353, -0.0212635118514
4.43100009346, 1.2009074688, 0.0297763291746, -0.881852567196, 0.999700784683, 0.0102344499901, 0.0065148063004, -0.0212387796491
4.43100009346, 1.2009100914, 0.02979266271, -0.881830155849, 0.999682962894, 0.011445408687, 0.00656707538292, -0.0214442424476
4.44600009346, 1.20090723038, 0.0297841113061, -0.881842911243, 0.999690413475, 0.0110370833427, 0.00649753585458, -0.0213296692818
4.44600009346, 1.2009100914, 0.029785534367, -0.881844162941, 0.999689102173, 0.0109584974125, 0.00657654833049, -0.0214059371501
4.46200009346, 1.20091474056, 0.0297880135477, -0.881829619408, 0.999684631824, 0.0113859521225, 0.00653930194676, -0.021405627951
4.46200009346, 1.20098340511, 0.0299001876265, -0.881923377514, 0.999576091766, 0.0171273723245, 0.00141446129419, -0.0235025491565
4.47700009346, 1.20098972321, 0.0298997983336, -0.881918787956, 0.999560952187, 0.0177632141858, 0.00134814379271, -0.0236754268408
4.49300009346, 1.20091176033, 0.0297869574279, -0.88183093071, 0.999680995941, 0.0114485323429, 0.00650639692321, -0.0215501859784
4.50900009346, 1.20091164112, 0.029779676348, -0.881838202477, 0.999692261219, 0.0110231498256, 0.0065247155726, -0.0212421417236
4.50900009346, 1.20091450214, 0.0298009607941, -0.881812214851, 0.99967110157, 0.01229238417, 0.00655631627887, -0.0215325634927
4.52400009346, 1.20091080666, 0.0297881513834, -0.881835341454, 0.999684691429, 0.0113904839382, 0.00658552348614, -0.0213836114854
4.52400009346, 1.20091068745, 0.0297848340124, -0.881830751896, 0.999683082104, 0.0115181151778, 0.00653047673404, -0.0214057639241
4.52400009346, 1.20091581345, 0.029786746949, -0.881817221642, 0.99967700243, 0.0118598900735, 0.00647578993812, -0.0215236023068
4.54000009346, 1.20091438293, 0.0297994110733, -0.881809711456, 0.999657154083, 0.0132682146505, 0.00653951149434, -0.021603802219
4.54000009346, 1.2009074688, 0.0297676548362, -0.881850361824, 0.999698102474, 0.0104823876172, 0.00655998429283, -0.0212327297777
4.55500009346, 1.20091128349, 0.0297838076949, -0.881831765175, 0.999684035778, 0.011554626748, 0.006577312015, -0.021331736818
4.55500009346, 1.20090579987, 0.0297729931772, -0.881848871708, 0.999692499638, 0.0107736838982, 0.00657841237262, -0.0213423985988
4.57100009346, 1.20091795921, 0.0297890994698, -0.881819546223, 0.999679267406, 0.0118213910609, 0.00659222574905, -0.0214025452733
4.57100009346, 1.20091485977, 0.0297947376966, -0.881815493107, 0.99966865778, 0.0123056005687, 0.00656457711011, -0.0216338969767
4.58700009346, 1.20091485977, 0.0297824274749, -0.881829679012, 0.99968123436, 0.0116629526019, 0.00660071708262, -0.0213980078697
4.58700009346, 1.20091092587, 0.0297851730138, -0.88183349371, 0.999685645103, 0.0115263201296, 0.00657285191119, -0.0212728586048
4.60200009346, 1.2009100914, 0.0297902505845, -0.881826460361, 0.999681293964, 0.0116241518408, 0.00659192819148, -0.0214179251343
4.60200009346, 1.20091450214, 0.0297799855471, -0.881832003593, 0.999680280685, 0.0115566281602, 0.00650238292292, -0.0215288102627
4.61800009346, 1.20091104507, 0.0297903064638, -0.881829082966, 0.999688386917, 0.0111523754895, 0.00663200579584, -0.0213270783424
4.61800009346, 1.20091354847, 0.029788158834, -0.881820857525, 0.999679625034, 0.0117607517168, 0.00656315404922, -0.0214302372187
4.63300009346, 1.20090961456, 0.0297753401101, -0.881838619709, 0.999692082405, 0.0110016139224, 0.00651841331273, -0.0212658047676
4.63300009346, 1.20091640949, 0.0297978203744, -0.881807565689, 0.999658465385, 0.0132196545601, 0.00664069969207, -0.0215431079268
4.64900009346, 1.20091295242, 0.0297954920679, -0.881813466549, 0.999670147896, 0.0122948745266, 0.00649940408766, -0.0215899851173
4.66500009346, 1.20091795921, 0.029783571139, -0.881829857826, 0.999679625034, 0.0118184536695, 0.00655905157328, -0.0213960278779
4.66500009346, 1.20090985298, 0.029775839299, -0.881843924522, 0.999691784382, 0.0109680481255, 0.00655058864504, -0.0212852731347
4.68000009346, 1.20091724396, 0.029796095565, -0.881801366806, 0.99966019392, 0.0128026297316, 0.00661367643625, -0.0217225030065
4.68000009346, 1.20091211796, 0.0297720320523, -0.881841778755, 0.999691069126, 0.0108512090519, 0.00655945297331, -0.0213787909597
4.69600009346, 1.2009165287, 0.0297850109637, -0.881829738617, 0.999680101871, 0.0117032537237, 0.00653780438006, -0.0214476399124
4.69600009346, 1.20091378689, 0.0297871213406, -0.881827354431, 0.999688565731, 0.0112208668143, 0.00662920204923, -0.0212820228189
4.71100009346, 1.2009087801, 0.0297906454653, -0.881830632687, 0.999684274197, 0.0115246428177, 0.00657005840912, -0.0213380157948
4.71100009346, 1.20091366768, 0.0297913644463, -0.881823897362, 0.999682188034, 0.011479976587, 0.00660357996821, -0.0214514136314
4.74300009346, 1.20091700554, 0.0297920722514, -0.881835579872, 0.999685227871, 0.0114831076935, 0.00659309141338, -0.0213086660951
4.74300009346, 1.20091414452, 0.0297917015851, -0.88181489706, 0.999673068523, 0.0121536385268, 0.0066236066632, -0.021495167166
4.75800009346, 1.20091128349, 0.0297847427428, -0.881831586361, 0.999687194824, 0.0113714328036, 0.00660240650177, -0.0212711114436
4.75800009346, 1.20091211796, 0.0297846123576, -0.881837666035, 0.999683618546, 0.0114311976358, 0.00652969768271, -0.0214288420975
4.75800009346, 1.20092117786, 0.0297904293984, -0.881830990314, 0.999682843685, 0.0114302476868, 0.00654143746942, -0.0214633326977
4.75800009346, 1.20090818405, 0.0297896303236, -0.88183349371, 0.999683022499, 0.0113946329802, 0.00655487272888, -0.0214710496366
4.78900009346, 1.20090949535, 0.0297771058977, -0.881833970547, 0.999685287476, 0.011211107485, 0.00654712226242, -0.0214667320251
4.78900009346, 1.20090675354, 0.029783224687, -0.881834208965, 0.999689280987, 0.0112748900428, 0.0065942001529, -0.0212310310453
4.78900009346, 1.20091319084, 0.0297902338207, -0.881825149059, 0.999676883221, 0.0118105104193, 0.00656697619706, -0.0215269550681
4.80500009346, 1.20091450214, 0.0297882370651, -0.881830334663, 0.99968123436, 0.011600650847, 0.00660259323195, -0.0214312411845
4.80500009346, 1.20091283321, 0.0297812242061, -0.881822943687, 0.99967867136, 0.0117932632565, 0.0065506095998, -0.0214570201933
4.82100009346, 1.20091307163, 0.0297856274992, -0.881824374199, 0.999678909779, 0.0117818294093, 0.00655967602506, -0.0214516036212
4.82100009346, 1.20090532303, 0.0297833606601, -0.881839394569, 0.999687969685, 0.0111115090549, 0.00658768927678, -0.0213779434562
4.83600009346, 1.20091843605, 0.029793003574, -0.881806790829, 0.999667942524, 0.0124126216397, 0.00657077459618, -0.0216037798673
4.83600009346, 1.20099437237, 0.0298993121833, -0.8819231987, 0.999565899372, 0.0176379214972, 0.00142330199014, -0.0235560797155
4.85200009346, 1.20091569424, 0.0297855548561, -0.881832420826, 0.999685406685, 0.0113594764844, 0.00656231725588, -0.0213758107275
4.85200009346, 1.20091700554, 0.0297874324024, -0.88182669878, 0.999677181244, 0.0118204858154, 0.00651219673455, -0.0215250253677
4.86700009346, 1.20090341568, 0.0297679100186, -0.881843626499, 0.99969959259, 0.0104250432923, 0.00662518618628, -0.0211683213711
4.86700009346, 1.20090889931, 0.0297806710005, -0.881831049919, 0.999686419964, 0.0112268179655, 0.00656454171985, -0.0213993173093
4.88300009346, 1.200912714, 0.0297830607742, -0.881822645664, 0.999682426453, 0.0115454364568, 0.00652138004079, -0.0214252956212
4.88300009346, 1.20090734959, 0.0297658033669, -0.881853103638, 0.999703705311, 0.0101002799347, 0.00670334184542, -0.0211063828319
4.89900009346, 1.20091319084, 0.0297917667776, -0.881818234921, 0.999682366848, 0.0116080036387, 0.00656297709793, -0.0213830024004
4.91400009346, 1.2009152174, 0.0297917481512, -0.881827056408, 0.999678134918, 0.0116579458117, 0.00650125695392, -0.0215757600963
4.91400009346, 1.20090556145, 0.02977395989, -0.881839573383, 0.99969214201, 0.0108831366524, 0.006454014685, -0.0213423892856
4.93000009346, 1.20091748238, 0.0297997370362, -0.881811797619, 0.999669253826, 0.0122527834028, 0.00658552628011, -0.0216290224344
4.93000009346, 1.2009139061, 0.0297866463661, -0.881814062595, 0.999676764011, 0.0118405399844, 0.00653879484162, -0.0215251911432
4.94500009346, 1.20092129707, 0.0297859795392, -0.881815910339, 0.999673426151, 0.0121285030618, 0.00651331245899, -0.021531322971
4.94500009346, 1.20091092587, 0.0297846924514, -0.881829619408, 0.999684929848, 0.0115034459159, 0.00655727041885, -0.0213210005313
