0.000000, 11.000000, 0.000000, 20.000000 
0.002001, 10.999921, 0.000000, 20.012572 
0.004002, 10.999684, 0.000000, 20.025143 
0.006003, 10.999289, 0.000000, 20.037709 
0.008004, 10.998736, 0.000000, 20.050269 
0.010005, 10.998025, 0.000000, 20.062822 
0.012006, 10.997156, 0.000000, 20.075364 
0.014007, 10.996130, 0.000000, 20.087895 
0.016008, 10.994946, 0.000000, 20.100412 
0.018009, 10.993605, 0.000000, 20.112913 
0.020010, 10.992107, 0.000000, 20.125396 
0.022011, 10.990452, 0.000000, 20.137859 
0.024012, 10.988640, 0.000000, 20.150300 
0.026013, 10.986673, 0.000000, 20.162718 
0.028014, 10.984549, 0.000000, 20.175110 
0.030015, 10.982270, 0.000000, 20.187474 
0.032016, 10.979835, 0.000000, 20.199809 
0.034017, 10.977245, 0.000000, 20.212112 
0.036018, 10.974501, 0.000000, 20.224381 
0.038019, 10.971603, 0.000000, 20.236615 
0.040020, 10.968552, 0.000000, 20.248812 
0.042021, 10.965347, 0.000000, 20.260969 
0.044022, 10.961990, 0.000000, 20.273085 
0.046023, 10.958481, 0.000000, 20.285158 
0.048024, 10.954820, 0.000000, 20.297186 
0.050025, 10.951008, 0.000000, 20.309166 
0.052026, 10.947046, 0.000000, 20.321098 
0.054027, 10.942934, 0.000000, 20.332980 
0.056028, 10.938673, 0.000000, 20.344808 
0.058029, 10.934264, 0.000000, 20.356582 
0.060030, 10.929707, 0.000000, 20.368300 
0.062031, 10.925003, 0.000000, 20.379959 
0.064032, 10.920153, 0.000000, 20.391559 
0.066033, 10.915158, 0.000000, 20.403096 
0.068034, 10.910017, 0.000000, 20.414570 
0.070035, 10.904733, 0.000000, 20.425978 
0.072036, 10.899306, 0.000000, 20.437319 
0.074037, 10.893737, 0.000000, 20.448591 
0.076038, 10.888027, 0.000000, 20.459792 
0.078039, 10.882176, 0.000000, 20.470920 
0.080040, 10.876186, 0.000000, 20.481974 
0.082041, 10.870057, 0.000000, 20.492952 
0.084042, 10.863790, 0.000000, 20.503851 
0.086043, 10.857388, 0.000000, 20.514671 
0.088044, 10.850849, 0.000000, 20.525410 
0.090045, 10.844176, 0.000000, 20.536066 
0.092046, 10.837370, 0.000000, 20.546637 
0.094047, 10.830431, 0.000000, 20.557121 
0.096048, 10.823361, 0.000000, 20.567517 
0.098049, 10.816161, 0.000000, 20.577824 
0.100050, 10.808832, 0.000000, 20.588040 
0.102051, 10.801375, 0.000000, 20.598162 
0.104052, 10.793792, 0.000000, 20.608190 
0.106053, 10.786083, 0.000000, 20.618122 
0.108054, 10.778249, 0.000000, 20.627956 
0.110055, 10.770293, 0.000000, 20.637690 
0.112056, 10.762215, 0.000000, 20.647324 
0.114057, 10.754016, 0.000000, 20.656856 
0.116058, 10.745698, 0.000000, 20.666284 
0.118059, 10.737263, 0.000000, 20.675606 
0.120060, 10.728710, 0.000000, 20.684822 
0.122061, 10.720043, 0.000000, 20.693929 
0.124062, 10.711262, 0.000000, 20.702927 
0.126063, 10.702368, 0.000000, 20.711814 
0.128064, 10.693363, 0.000000, 20.720588 
0.130065, 10.684249, 0.000000, 20.729248 
0.132066, 10.675027, 0.000000, 20.737793 
0.134067, 10.665698, 0.000000, 20.746222 
0.136068, 10.656263, 0.000000, 20.754532 
0.138069, 10.646725, 0.000000, 20.762723 
0.140070, 10.637085, 0.000000, 20.770794 
0.142071, 10.627344, 0.000000, 20.778742 
0.144072, 10.617504, 0.000000, 20.786568 
0.146073, 10.607566, 0.000000, 20.794269 
0.148074, 10.597532, 0.000000, 20.801845 
0.150075, 10.587404, 0.000000, 20.809294 
0.152076, 10.577183, 0.000000, 20.816615 
0.154077, 10.566870, 0.000000, 20.823807 
0.156078, 10.556468, 0.000000, 20.830869 
0.158079, 10.545978, 0.000000, 20.837799 
0.160080, 10.535402, 0.000000, 20.844597 
0.162081, 10.524741, 0.000000, 20.851262 
0.164082, 10.513997, 0.000000, 20.857792 
0.166083, 10.503172, 0.000000, 20.864186 
0.168084, 10.492268, 0.000000, 20.870444 
0.170085, 10.481285, 0.000000, 20.876564 
0.172086, 10.470227, 0.000000, 20.882546 
0.174087, 10.459094, 0.000000, 20.888388 
0.176088, 10.447889, 0.000000, 20.894089 
0.178089, 10.436612, 0.000000, 20.899650 
0.180090, 10.425267, 0.000000, 20.905068 
0.182091, 10.413855, 0.000000, 20.910343 
0.184092, 10.402377, 0.000000, 20.915474 
0.186093, 10.390836, 0.000000, 20.920460 
0.188094, 10.379232, 0.000000, 20.925301 
0.190095, 10.367569, 0.000000, 20.929996 
0.192096, 10.355848, 0.000000, 20.934544 
0.194097, 10.344070, 0.000000, 20.938944 
0.196098, 10.332239, 0.000000, 20.943195 
0.198099, 10.320354, 0.000000, 20.947298 
0.200100, 10.308419, 0.000000, 20.951251 
0.202101, 10.296435, 0.000000, 20.955053 
0.204102, 10.284405, 0.000000, 20.958704 
0.206103, 10.272329, 0.000000, 20.962204 
0.208104, 10.260210, 0.000000, 20.965552 
0.210105, 10.248051, 0.000000, 20.968747 
0.212106, 10.235851, 0.000000, 20.971789 
0.214107, 10.223615, 0.000000, 20.974678 
0.216108, 10.211344, 0.000000, 20.977412 
0.218109, 10.199039, 0.000000, 20.979992 
0.220110, 10.186702, 0.000000, 20.982417 
0.222111, 10.174336, 0.000000, 20.984686 
0.224112, 10.161942, 0.000000, 20.986800 
0.226113, 10.149523, 0.000000, 20.988758 
0.228114, 10.137080, 0.000000, 20.990560 
0.230115, 10.124616, 0.000000, 20.992205 
0.232116, 10.112132, 0.000000, 20.993693 
0.234117, 10.099630, 0.000000, 20.995025 
0.236118, 10.087112, 0.000000, 20.996199 
0.238119, 10.074581, 0.000000, 20.997215 
0.240120, 10.062038, 0.000000, 20.998074 
0.242121, 10.049485, 0.000000, 20.998775 
0.244122, 10.036924, 0.000000, 20.999318 
0.246123, 10.024357, 0.000000, 20.999703 
0.248124, 10.011787, 0.000000, 20.999931 
0.250125, 9.999214, 0.000000, 21.000000 
0.252126, 9.986642, 0.000000, 20.999911 
0.254127, 9.974072, 0.000000, 20.999664 
0.256128, 9.961506, 0.000000, 20.999259 
0.258129, 9.948946, 0.000000, 20.998696 
0.260130, 9.936394, 0.000000, 20.997975 
0.262131, 9.923852, 0.000000, 20.997097 
0.264132, 9.911322, 0.000000, 20.996060 
0.266133, 9.898806, 0.000000, 20.994867 
0.268134, 9.886307, 0.000000, 20.993516 
0.270135, 9.873825, 0.000000, 20.992008 
0.272136, 9.861363, 0.000000, 20.990343 
0.274137, 9.848923, 0.000000, 20.988522 
0.276138, 9.836507, 0.000000, 20.986544 
0.278139, 9.824117, 0.000000, 20.984411 
0.280140, 9.811754, 0.000000, 20.982122 
0.282141, 9.799422, 0.000000, 20.979678 
0.284142, 9.787121, 0.000000, 20.977078 
0.286143, 9.774853, 0.000000, 20.974325 
0.288144, 9.762622, 0.000000, 20.971417 
0.290145, 9.750427, 0.000000, 20.968356 
0.292146, 9.738273, 0.000000, 20.965142 
0.294147, 9.726159, 0.000000, 20.961775 
0.296148, 9.714089, 0.000000, 20.958256 
0.298149, 9.702064, 0.000000, 20.954586 
0.300150, 9.690086, 0.000000, 20.950765 
0.302151, 9.678158, 0.000000, 20.946793 
0.304152, 9.666280, 0.000000, 20.942672 
0.306153, 9.654454, 0.000000, 20.938402 
0.308154, 9.642684, 0.000000, 20.933983 
0.310155, 9.630970, 0.000000, 20.929417 
0.312156, 9.619314, 0.000000, 20.924704 
0.314157, 9.607718, 0.000000, 20.919845 
0.316158, 9.596185, 0.000000, 20.914841 
0.318159, 9.584715, 0.000000, 20.909691 
0.320160, 9.573311, 0.000000, 20.904398 
0.322161, 9.561974, 0.000000, 20.898962 
0.324162, 9.550707, 0.000000, 20.893384 
0.326163, 9.539510, 0.000000, 20.887665 
0.328164, 9.528387, 0.000000, 20.881805 
0.330165, 9.517338, 0.000000, 20.875807 
0.332166, 9.506365, 0.000000, 20.869669 
0.334167, 9.495470, 0.000000, 20.863394 
0.336168, 9.484655, 0.000000, 20.856983 
0.338169, 9.473922, 0.000000, 20.850436 
0.340170, 9.463271, 0.000000, 20.843755 
0.342171, 9.452706, 0.000000, 20.836940 
0.344172, 9.442227, 0.000000, 20.829993 
0.346173, 9.431836, 0.000000, 20.822915 
0.348174, 9.421535, 0.000000, 20.815707 
0.350175, 9.411325, 0.000000, 20.808370 
0.352176, 9.401209, 0.000000, 20.800905 
0.354177, 9.391187, 0.000000, 20.793313 
0.356178, 9.381261, 0.000000, 20.785597 
0.358179, 9.371433, 0.000000, 20.777755 
0.360180, 9.361705, 0.000000, 20.769791 
0.362181, 9.352077, 0.000000, 20.761706 
0.364182, 9.342552, 0.000000, 20.753500 
0.366183, 9.333130, 0.000000, 20.745174 
0.368184, 9.323815, 0.000000, 20.736731 
0.370185, 9.314606, 0.000000, 20.728172 
0.372186, 9.305505, 0.000000, 20.719497 
0.374187, 9.296514, 0.000000, 20.710709 
0.376188, 9.287634, 0.000000, 20.701809 
0.378189, 9.278867, 0.000000, 20.692797 
0.380190, 9.270214, 0.000000, 20.683676 
0.382191, 9.261677, 0.000000, 20.674447 
0.384192, 9.253256, 0.000000, 20.665111 
0.386193, 9.244953, 0.000000, 20.655670 
0.388194, 9.236769, 0.000000, 20.646126 
0.390195, 9.228706, 0.000000, 20.636479 
0.392196, 9.220765, 0.000000, 20.626732 
0.394197, 9.212947, 0.000000, 20.616885 
0.396198, 9.205254, 0.000000, 20.606942 
0.398199, 9.197686, 0.000000, 20.596902 
0.400200, 9.190245, 0.000000, 20.586768 
0.402201, 9.182932, 0.000000, 20.576541 
0.404202, 9.175748, 0.000000, 20.566223 
0.406203, 9.168694, 0.000000, 20.555815 
0.408204, 9.161772, 0.000000, 20.545320 
0.410205, 9.154982, 0.000000, 20.534738 
0.412206, 9.148326, 0.000000, 20.524072 
0.414207, 9.141805, 0.000000, 20.513323 
0.416208, 9.135419, 0.000000, 20.502493 
0.418209, 9.129170, 0.000000, 20.491584 
0.420210, 9.123058, 0.000000, 20.480596 
0.422211, 9.117085, 0.000000, 20.469533 
0.424212, 9.111252, 0.000000, 20.458396 
0.426213, 9.105559, 0.000000, 20.447186 
0.428214, 9.100008, 0.000000, 20.435905 
0.430215, 9.094598, 0.000000, 20.424556 
0.432216, 9.089332, 0.000000, 20.413139 
0.434217, 9.084210, 0.000000, 20.401658 
0.436218, 9.079233, 0.000000, 20.390112 
0.438219, 9.074401, 0.000000, 20.378505 
0.440220, 9.069715, 0.000000, 20.366838 
0.442221, 9.065177, 0.000000, 20.355113 
0.444222, 9.060786, 0.000000, 20.343333 
0.446223, 9.056544, 0.000000, 20.331497 
0.448224, 9.052451, 0.000000, 20.319610 
0.450225, 9.048507, 0.000000, 20.307671 
0.452226, 9.044714, 0.000000, 20.295685 
0.454227, 9.041072, 0.000000, 20.283651 
0.456228, 9.037582, 0.000000, 20.271573 
0.458229, 9.034244, 0.000000, 20.259452 
0.460230, 9.031058, 0.000000, 20.247289 
0.462231, 9.028026, 0.000000, 20.235088 
0.464232, 9.025147, 0.000000, 20.222849 
0.466233, 9.022422, 0.000000, 20.210575 
0.468234, 9.019852, 0.000000, 20.198268 
0.470235, 9.017437, 0.000000, 20.185930 
0.472236, 9.015177, 0.000000, 20.173562 
0.474237, 9.013073, 0.000000, 20.161167 
0.476238, 9.011125, 0.000000, 20.148746 
0.478239, 9.009333, 0.000000, 20.136302 
0.480240, 9.007697, 0.000000, 20.123836 
0.482241, 9.006219, 0.000000, 20.111351 
0.484242, 9.004897, 0.000000, 20.098848 
0.486243, 9.003733, 0.000000, 20.086329 
0.488244, 9.002727, 0.000000, 20.073797 
0.490245, 9.001878, 0.000000, 20.061253 
0.492246, 9.001187, 0.000000, 20.048700 
0.494247, 9.000653, 0.000000, 20.036139 
0.496248, 9.000278, 0.000000, 20.023572 
0.498249, 9.000061, 0.000000, 20.011001 
0.500250, 9.000001, 0.000000, 19.998428 
0.502251, 9.000100, 0.000000, 19.985856 
0.504252, 9.000357, 0.000000, 19.973286 
0.506253, 9.000772, 0.000000, 19.960721 
0.508254, 9.001345, 0.000000, 19.948161 
0.510255, 9.002075, 0.000000, 19.935610 
0.512256, 9.002964, 0.000000, 19.923069 
0.514257, 9.004010, 0.000000, 19.910540 
0.516258, 9.005213, 0.000000, 19.898025 
0.518259, 9.006574, 0.000000, 19.885526 
0.520260, 9.008091, 0.000000, 19.873045 
0.522261, 9.009766, 0.000000, 19.860585 
0.524262, 9.011597, 0.000000, 19.848146 
0.526263, 9.013584, 0.000000, 19.835732 
0.528264, 9.015727, 0.000000, 19.823343 
0.530265, 9.018026, 0.000000, 19.810983 
0.532266, 9.020480, 0.000000, 19.798652 
0.534267, 9.023089, 0.000000, 19.786353 
0.536268, 9.025852, 0.000000, 19.774088 
0.538269, 9.028770, 0.000000, 19.761858 
0.540270, 9.031840, 0.000000, 19.749666 
0.542271, 9.035064, 0.000000, 19.737514 
0.544272, 9.038440, 0.000000, 19.725404 
0.546273, 9.041969, 0.000000, 19.713336 
0.548274, 9.045649, 0.000000, 19.701314 
0.550275, 9.049479, 0.000000, 19.689339 
0.552276, 9.053460, 0.000000, 19.677414 
0.554277, 9.057590, 0.000000, 19.665539 
0.556278, 9.061870, 0.000000, 19.653717 
0.558279, 9.066298, 0.000000, 19.641950 
0.560280, 9.070873, 0.000000, 19.630239 
0.562281, 9.075595, 0.000000, 19.618587 
0.564282, 9.080463, 0.000000, 19.606996 
0.566283, 9.085477, 0.000000, 19.595466 
0.568284, 9.090635, 0.000000, 19.584000 
0.570285, 9.095937, 0.000000, 19.572600 
0.572286, 9.101382, 0.000000, 19.561268 
0.574287, 9.106969, 0.000000, 19.550005 
0.576288, 9.112697, 0.000000, 19.538813 
0.578289, 9.118565, 0.000000, 19.527694 
0.580290, 9.124573, 0.000000, 19.516650 
0.582291, 9.130719, 0.000000, 19.505682 
0.584292, 9.137002, 0.000000, 19.494792 
0.586293, 9.143422, 0.000000, 19.483982 
0.588294, 9.149978, 0.000000, 19.473253 
0.590295, 9.156667, 0.000000, 19.462608 
0.592296, 9.163490, 0.000000, 19.452048 
0.594297, 9.170445, 0.000000, 19.441575 
0.596298, 9.177532, 0.000000, 19.431189 
0.598299, 9.184748, 0.000000, 19.420894 
0.600300, 9.192093, 0.000000, 19.410690 
0.602301, 9.199566, 0.000000, 19.400579 
0.604302, 9.207165, 0.000000, 19.390563 
0.606303, 9.214890, 0.000000, 19.380644 
0.608304, 9.222739, 0.000000, 19.370822 
0.610305, 9.230710, 0.000000, 19.361100 
0.612306, 9.238804, 0.000000, 19.351479 
0.614307, 9.247017, 0.000000, 19.341960 
0.616308, 9.255350, 0.000000, 19.332545 
0.618309, 9.263800, 0.000000, 19.323236 
0.620310, 9.272367, 0.000000, 19.314034 
0.622311, 9.281048, 0.000000, 19.304940 
0.624312, 9.289844, 0.000000, 19.295956 
0.626313, 9.298751, 0.000000, 19.287083 
0.628314, 9.307770, 0.000000, 19.278323 
0.630315, 9.316898, 0.000000, 19.269677 
0.632316, 9.326134, 0.000000, 19.261147 
0.634317, 9.335476, 0.000000, 19.252733 
0.636318, 9.344923, 0.000000, 19.244438 
0.638319, 9.354474, 0.000000, 19.236261 
0.640320, 9.364127, 0.000000, 19.228206 
0.642321, 9.373881, 0.000000, 19.220273 
0.644322, 9.383733, 0.000000, 19.212463 
0.646323, 9.393683, 0.000000, 19.204777 
0.648324, 9.403729, 0.000000, 19.197217 
0.650325, 9.413869, 0.000000, 19.189784 
0.652326, 9.424101, 0.000000, 19.182479 
0.654327, 9.434425, 0.000000, 19.175303 
0.656328, 9.444838, 0.000000, 19.168258 
0.658329, 9.455339, 0.000000, 19.161344 
0.660330, 9.465926, 0.000000, 19.154562 
0.662331, 9.476597, 0.000000, 19.147915 
0.664332, 9.487351, 0.000000, 19.141402 
0.666333, 9.498186, 0.000000, 19.135024 
0.668334, 9.509101, 0.000000, 19.128784 
0.670335, 9.520093, 0.000000, 19.122681 
0.672336, 9.531161, 0.000000, 19.116717 
0.674337, 9.542303, 0.000000, 19.110892 
0.676338, 9.553517, 0.000000, 19.105208 
0.678339, 9.564802, 0.000000, 19.099665 
0.680340, 9.576156, 0.000000, 19.094265 
0.682341, 9.587576, 0.000000, 19.089008 
0.684342, 9.599062, 0.000000, 19.083895 
0.686343, 9.610611, 0.000000, 19.078926 
0.688344, 9.622222, 0.000000, 19.074104 
0.690345, 9.633893, 0.000000, 19.069427 
0.692346, 9.645621, 0.000000, 19.064898 
0.694347, 9.657406, 0.000000, 19.060517 
0.696348, 9.669244, 0.000000, 19.056284 
0.698349, 9.681135, 0.000000, 19.052200 
0.700350, 9.693076, 0.000000, 19.048266 
0.702351, 9.705066, 0.000000, 19.044482 
0.704352, 9.717102, 0.000000, 19.040850 
0.706353, 9.729184, 0.000000, 19.037369 
0.708354, 9.741307, 0.000000, 19.034040 
0.710355, 9.753472, 0.000000, 19.030864 
0.712356, 9.765676, 0.000000, 19.027841 
0.714357, 9.777917, 0.000000, 19.024972 
0.716358, 9.790193, 0.000000, 19.022257 
0.718359, 9.802502, 0.000000, 19.019697 
0.720360, 9.814842, 0.000000, 19.017291 
0.722361, 9.827212, 0.000000, 19.015041 
0.724362, 9.839609, 0.000000, 19.012947 
0.726363, 9.852031, 0.000000, 19.011008 
0.728364, 9.864476, 0.000000, 19.009226 
0.730365, 9.876944, 0.000000, 19.007600 
0.732366, 9.889430, 0.000000, 19.006132 
0.734367, 9.901934, 0.000000, 19.004820 
0.736368, 9.914453, 0.000000, 19.003666 
0.738369, 9.926986, 0.000000, 19.002669 
0.740370, 9.939531, 0.000000, 19.001830 
0.742371, 9.952085, 0.000000, 19.001149 
0.744372, 9.964647, 0.000000, 19.000625 
0.746373, 9.977214, 0.000000, 19.000260 
0.748374, 9.989785, 0.000000, 19.000052 
0.750375, 10.002357, 0.000000, 19.000003 
0.752376, 10.014929, 0.000000, 19.000111 
0.754377, 10.027499, 0.000000, 19.000378 
0.756378, 10.040065, 0.000000, 19.000803 
0.758379, 10.052624, 0.000000, 19.001386 
0.760380, 10.065174, 0.000000, 19.002126 
0.762381, 10.077715, 0.000000, 19.003024 
0.764382, 10.090243, 0.000000, 19.004080 
0.766383, 10.102757, 0.000000, 19.005294 
0.768384, 10.115255, 0.000000, 19.006664 
0.770385, 10.127734, 0.000000, 19.008192 
0.772386, 10.140193, 0.000000, 19.009876 
0.774387, 10.152630, 0.000000, 19.011717 
0.776388, 10.165043, 0.000000, 19.013714 
0.778389, 10.177430, 0.000000, 19.015867 
0.780390, 10.189789, 0.000000, 19.018175 
0.782391, 10.202118, 0.000000, 19.020639 
0.784392, 10.214415, 0.000000, 19.023257 
0.786393, 10.226678, 0.000000, 19.026030 
0.788394, 10.238905, 0.000000, 19.028957 
0.790395, 10.251094, 0.000000, 19.032037 
0.792396, 10.263244, 0.000000, 19.035271 
0.794397, 10.275352, 0.000000, 19.038657 
0.796398, 10.287417, 0.000000, 19.042194 
0.798399, 10.299436, 0.000000, 19.045884 
0.800400, 10.311407, 0.000000, 19.049724 
0.802401, 10.323330, 0.000000, 19.053714 
0.804402, 10.335202, 0.000000, 19.057854 
0.806403, 10.347020, 0.000000, 19.062142 
0.808404, 10.358784, 0.000000, 19.066579 
0.810405, 10.370491, 0.000000, 19.071164 
0.812406, 10.382139, 0.000000, 19.075895 
0.814407, 10.393727, 0.000000, 19.080773 
0.816408, 10.405253, 0.000000, 19.085795 
0.818409, 10.416714, 0.000000, 19.090962 
0.820410, 10.428110, 0.000000, 19.096273 
0.822411, 10.439438, 0.000000, 19.101727 
0.824412, 10.450697, 0.000000, 19.107323 
0.826413, 10.461884, 0.000000, 19.113060 
0.828414, 10.472999, 0.000000, 19.118937 
0.830415, 10.484038, 0.000000, 19.124953 
0.832416, 10.495001, 0.000000, 19.131108 
0.834417, 10.505886, 0.000000, 19.137400 
0.836418, 10.516691, 0.000000, 19.143828 
0.838419, 10.527414, 0.000000, 19.150392 
0.840420, 10.538054, 0.000000, 19.157090 
0.842421, 10.548609, 0.000000, 19.163921 
0.844422, 10.559077, 0.000000, 19.170884 
0.846423, 10.569457, 0.000000, 19.177979 
0.848424, 10.579747, 0.000000, 19.185203 
0.850425, 10.589945, 0.000000, 19.192556 
0.852426, 10.600049, 0.000000, 19.200037 
0.854427, 10.610059, 0.000000, 19.207644 
0.856428, 10.619973, 0.000000, 19.215377 
0.858429, 10.629788, 0.000000, 19.223233 
0.860430, 10.639504, 0.000000, 19.231213 
0.862431, 10.649119, 0.000000, 19.239313 
0.864432, 10.658632, 0.000000, 19.247534 
0.866433, 10.668040, 0.000000, 19.255874 
0.868434, 10.677342, 0.000000, 19.264332 
0.870435, 10.686538, 0.000000, 19.272906 
0.872436, 10.695625, 0.000000, 19.281595 
0.874437, 10.704602, 0.000000, 19.290397 
0.876438, 10.713468, 0.000000, 19.299312 
0.878439, 10.722221, 0.000000, 19.308337 
0.880440, 10.730859, 0.000000, 19.317472 
0.882441, 10.739382, 0.000000, 19.326714 
0.884442, 10.747789, 0.000000, 19.336063 
0.886443, 10.756077, 0.000000, 19.345517 
0.888444, 10.764246, 0.000000, 19.355075 
0.890445, 10.772293, 0.000000, 19.364734 
0.892446, 10.780219, 0.000000, 19.374494 
0.894447, 10.788022, 0.000000, 19.384352 
0.896448, 10.795699, 0.000000, 19.394308 
0.898449, 10.803251, 0.000000, 19.404360 
0.900450, 10.810677, 0.000000, 19.414506 
0.902451, 10.817973, 0.000000, 19.424744 
0.904452, 10.825141, 0.000000, 19.435073 
0.906453, 10.832178, 0.000000, 19.445492 
0.908454, 10.839084, 0.000000, 19.455998 
0.910455, 10.845857, 0.000000, 19.466590 
0.912456, 10.852496, 0.000000, 19.477267 
0.914457, 10.859001, 0.000000, 19.488026 
0.916458, 10.865370, 0.000000, 19.498866 
0.918459, 10.871602, 0.000000, 19.509786 
0.920460, 10.877696, 0.000000, 19.520782 
0.922461, 10.883652, 0.000000, 19.531855 
0.924462, 10.889467, 0.000000, 19.543001 
0.926463, 10.895143, 0.000000, 19.554220 
0.928464, 10.900676, 0.000000, 19.565510 
0.930465, 10.906068, 0.000000, 19.576867 
0.932466, 10.911316, 0.000000, 19.588292 
0.934467, 10.916420, 0.000000, 19.599782 
0.936468, 10.921379, 0.000000, 19.611335 
0.938469, 10.926193, 0.000000, 19.622950 
0.940470, 10.930860, 0.000000, 19.634624 
0.942471, 10.935380, 0.000000, 19.646356 
0.944472, 10.939752, 0.000000, 19.658144 
0.946473, 10.943976, 0.000000, 19.669986 
0.948474, 10.948050, 0.000000, 19.681880 
0.950475, 10.951975, 0.000000, 19.693824 
0.952476, 10.955749, 0.000000, 19.705817 
0.954477, 10.959372, 0.000000, 19.717856 
0.956478, 10.962844, 0.000000, 19.729940 
0.958479, 10.966163, 0.000000, 19.742067 
0.960480, 10.969329, 0.000000, 19.754234 
0.962481, 10.972342, 0.000000, 19.766440 
0.964482, 10.975202, 0.000000, 19.778683 
0.966483, 10.977907, 0.000000, 19.790961 
0.968484, 10.980458, 0.000000, 19.803272 
0.970485, 10.982854, 0.000000, 19.815614 
0.972486, 10.985094, 0.000000, 19.827986 
0.974487, 10.987179, 0.000000, 19.840384 
0.976488, 10.989108, 0.000000, 19.852808 
0.978489, 10.990880, 0.000000, 19.865255 
0.980490, 10.992496, 0.000000, 19.877723 
0.982491, 10.993955, 0.000000, 19.890211 
0.984492, 10.995257, 0.000000, 19.902716 
0.986493, 10.996401, 0.000000, 19.915236 
0.988494, 10.997388, 0.000000, 19.927770 
0.990495, 10.998217, 0.000000, 19.940315 
0.992496, 10.998889, 0.000000, 19.952870 
0.994497, 10.999402, 0.000000, 19.965432 
0.996498, 10.999758, 0.000000, 19.978000 
0.998499, 10.999956, 0.000000, 19.990571 
1.000500, 10.999995, 0.000000, 20.003143 
1.002501, 10.999877, 0.000000, 20.015715 
1.004502, 10.999600, 0.000000, 20.028285 
1.006503, 10.999165, 0.000000, 20.040850 
1.008504, 10.998573, 0.000000, 20.053408 
1.010505, 10.997822, 0.000000, 20.065959 
1.012506, 10.996914, 0.000000, 20.078498 
1.014507, 10.995849, 0.000000, 20.091026 
1.016508, 10.994625, 0.000000, 20.103539 
1.018509, 10.993245, 0.000000, 20.116035 
1.020510, 10.991708, 0.000000, 20.128513 
1.022511, 10.990014, 0.000000, 20.140971 
1.024512, 10.988163, 0.000000, 20.153407 
1.026513, 10.986156, 0.000000, 20.165818 
1.028514, 10.983994, 0.000000, 20.178203 
1.030515, 10.981675, 0.000000, 20.190560 
1.032516, 10.979202, 0.000000, 20.202887 
1.034517, 10.976574, 0.000000, 20.215182 
1.036518, 10.973791, 0.000000, 20.227443 
1.038519, 10.970855, 0.000000, 20.239668 
1.040520, 10.967765, 0.000000, 20.251855 
1.042521, 10.964522, 0.000000, 20.264002 
1.044522, 10.961127, 0.000000, 20.276107 
1.046523, 10.957580, 0.000000, 20.288169 
1.048524, 10.953881, 0.000000, 20.300185 
1.050525, 10.950031, 0.000000, 20.312154 
1.052526, 10.946032, 0.000000, 20.324074 
1.054527, 10.941883, 0.000000, 20.335942 
1.056528, 10.937585, 0.000000, 20.347757 
1.058529, 10.933139, 0.000000, 20.359517 
1.060530, 10.928545, 0.000000, 20.371220 
1.062531, 10.923804, 0.000000, 20.382865 
1.064532, 10.918918, 0.000000, 20.394449 
1.066533, 10.913886, 0.000000, 20.405971 
1.068534, 10.908710, 0.000000, 20.417428 
1.070535, 10.903390, 0.000000, 20.428820 
1.072536, 10.897927, 0.000000, 20.440144 
1.074537, 10.892323, 0.000000, 20.451398 
1.076538, 10.886577, 0.000000, 20.462581 
1.078539, 10.880691, 0.000000, 20.473691 
1.080540, 10.874666, 0.000000, 20.484726 
1.082541, 10.868503, 0.000000, 20.495684 
1.084542, 10.862202, 0.000000, 20.506564 
1.086543, 10.855766, 0.000000, 20.517364 
1.088544, 10.849194, 0.000000, 20.528082 
1.090545, 10.842487, 0.000000, 20.538716 
1.092546, 10.835648, 0.000000, 20.549266 
1.094547, 10.828676, 0.000000, 20.559728 
1.096548, 10.821574, 0.000000, 20.570103 
1.098549, 10.814341, 0.000000, 20.580387 
1.100550, 10.806980, 0.000000, 20.590579 
1.102551, 10.799491, 0.000000, 20.600678 
1.104552, 10.791876, 0.000000, 20.610682 
1.106553, 10.784136, 0.000000, 20.620589 
1.108554, 10.776272, 0.000000, 20.630399 
1.110555, 10.768285, 0.000000, 20.640108 
1.112556, 10.760176, 0.000000, 20.649717 
1.114557, 10.751948, 0.000000, 20.659223 
1.116558, 10.743600, 0.000000, 20.668624 
1.118559, 10.735135, 0.000000, 20.677920 
1.120560, 10.726554, 0.000000, 20.687109 
1.122561, 10.717858, 0.000000, 20.696189 
1.124562, 10.709049, 0.000000, 20.705159 
1.126563, 10.700127, 0.000000, 20.714018 
1.128564, 10.691095, 0.000000, 20.722764 
1.130565, 10.681954, 0.000000, 20.731395 
1.132566, 10.672704, 0.000000, 20.739911 
1.134567, 10.663349, 0.000000, 20.748310 
1.136568, 10.653888, 0.000000, 20.756591 
1.138569, 10.644325, 0.000000, 20.764752 
1.140570, 10.634659, 0.000000, 20.772792 
1.142571, 10.624893, 0.000000, 20.780710 
1.144572, 10.615028, 0.000000, 20.788505 
1.146573, 10.605066, 0.000000, 20.796175 
1.148574, 10.595009, 0.000000, 20.803719 
1.150575, 10.584857, 0.000000, 20.811136 
1.152576, 10.574613, 0.000000, 20.818425 
1.154577, 10.564278, 0.000000, 20.825585 
1.156578, 10.553854, 0.000000, 20.832614 
1.158579, 10.543342, 0.000000, 20.839511 
1.160580, 10.532745, 0.000000, 20.846276 
1.162581, 10.522063, 0.000000, 20.852907 
1.164582, 10.511299, 0.000000, 20.859403 
1.166583, 10.500454, 0.000000, 20.865763 
1.168584, 10.489529, 0.000000, 20.871987 
1.170585, 10.478528, 0.000000, 20.878072 
1.172586, 10.467451, 0.000000, 20.884019 
1.174587, 10.456299, 0.000000, 20.889826 
1.176588, 10.445076, 0.000000, 20.895493 
1.178589, 10.433783, 0.000000, 20.901018 
1.180590, 10.422420, 0.000000, 20.906400 
1.182591, 10.410991, 0.000000, 20.911639 
1.184592, 10.399498, 0.000000, 20.916734 
1.186593, 10.387941, 0.000000, 20.921684 
1.188594, 10.376322, 0.000000, 20.926489 
1.190595, 10.364644, 0.000000, 20.931147 
1.192596, 10.352909, 0.000000, 20.935658 
1.194597, 10.341117, 0.000000, 20.940021 
1.196598, 10.329272, 0.000000, 20.944235 
1.198599, 10.317375, 0.000000, 20.948300 
1.200600, 10.305428, 0.000000, 20.952215 
1.202601, 10.293432, 0.000000, 20.955980 
1.204602, 10.281390, 0.000000, 20.959594 
1.206603, 10.269303, 0.000000, 20.963055 
1.208604, 10.257174, 0.000000, 20.966365 
1.210605, 10.245004, 0.000000, 20.969522 
1.212606, 10.232796, 0.000000, 20.972526 
1.214607, 10.220551, 0.000000, 20.975376 
1.216608, 10.208270, 0.000000, 20.978071 
1.218609, 10.195957, 0.000000, 20.980612 
1.220610, 10.183613, 0.000000, 20.982999 
1.222611, 10.171240, 0.000000, 20.985229 
1.224612, 10.158840, 0.000000, 20.987304 
1.226613, 10.146415, 0.000000, 20.989223 
1.228614, 10.133966, 0.000000, 20.990986 
1.230615, 10.121497, 0.000000, 20.992592 
1.232616, 10.109008, 0.000000, 20.994041 
1.234617, 10.096502, 0.000000, 20.995333 
1.236618, 10.083981, 0.000000, 20.996467 
1.238619, 10.071446, 0.000000, 20.997444 
1.240620, 10.058900, 0.000000, 20.998264 
1.242621, 10.046345, 0.000000, 20.998925 
1.244622, 10.033783, 0.000000, 20.999429 
1.246623, 10.021215, 0.000000, 20.999775 
1.248624, 10.008644, 0.000000, 20.999963 
1.250625, 9.996071, 0.000000, 20.999992 
1.252626, 9.983499, 0.000000, 20.999864 
1.254627, 9.970930, 0.000000, 20.999577 
1.256628, 9.958365, 0.000000, 20.999133 
1.258629, 9.945807, 0.000000, 20.998530 
1.260630, 9.933257, 0.000000, 20.997770 
1.262631, 9.920718, 0.000000, 20.996852 
1.264632, 9.908192, 0.000000, 20.995777 
1.266633, 9.895680, 0.000000, 20.994544 
1.268634, 9.883184, 0.000000, 20.993154 
1.270635, 9.870707, 0.000000, 20.991606 
1.272636, 9.858251, 0.000000, 20.989903 
1.274637, 9.845817, 0.000000, 20.988042 
1.276638, 9.833407, 0.000000, 20.986026 
1.278639, 9.821023, 0.000000, 20.983853 
1.280640, 9.808668, 0.000000, 20.981525 
1.282641, 9.796343, 0.000000, 20.979042 
1.284642, 9.784051, 0.000000, 20.976405 
1.286643, 9.771792, 0.000000, 20.973612 
1.288644, 9.759569, 0.000000, 20.970666 
1.290645, 9.747385, 0.000000, 20.967567 
1.292646, 9.735240, 0.000000, 20.964314 
1.294647, 9.723138, 0.000000, 20.960910 
1.296648, 9.711079, 0.000000, 20.957353 
1.298649, 9.699065, 0.000000, 20.953645 
1.300650, 9.687099, 0.000000, 20.949786 
1.302651, 9.675183, 0.000000, 20.945777 
1.304652, 9.663318, 0.000000, 20.941618 
1.306653, 9.651507, 0.000000, 20.937311 
1.308654, 9.639750, 0.000000, 20.932856 
1.310655, 9.628050, 0.000000, 20.928253 
1.312656, 9.616409, 0.000000, 20.923503 
1.314657, 9.604829, 0.000000, 20.918608 
1.316658, 9.593311, 0.000000, 20.913567 
1.318659, 9.581858, 0.000000, 20.908382 
1.320660, 9.570470, 0.000000, 20.903053 
1.322661, 9.559151, 0.000000, 20.897581 
1.324662, 9.547901, 0.000000, 20.891968 
1.326663, 9.536723, 0.000000, 20.886213 
1.328664, 9.525617, 0.000000, 20.880319 
1.330665, 9.514587, 0.000000, 20.874285 
1.332666, 9.503634, 0.000000, 20.868113 
1.334667, 9.492759, 0.000000, 20.861804 
1.336668, 9.481964, 0.000000, 20.855359 
1.338669, 9.471251, 0.000000, 20.848778 
1.340670, 9.460622, 0.000000, 20.842064 
1.342671, 9.450078, 0.000000, 20.835216 
1.344672, 9.439621, 0.000000, 20.828236 
1.346673, 9.429252, 0.000000, 20.821125 
1.348674, 9.418974, 0.000000, 20.813885 
1.350675, 9.408787, 0.000000, 20.806516 
1.352676, 9.398694, 0.000000, 20.799019 
1.354677, 9.388696, 0.000000, 20.791396 
1.356678, 9.378795, 0.000000, 20.783648 
1.358679, 9.368992, 0.000000, 20.775776 
1.360680, 9.359288, 0.000000, 20.767781 
1.362681, 9.349686, 0.000000, 20.759665 
1.364682, 9.340187, 0.000000, 20.751429 
1.366683, 9.330792, 0.000000, 20.743075 
1.368684, 9.321502, 0.000000, 20.734602 
1.370685, 9.312320, 0.000000, 20.726014 
1.372686, 9.303247, 0.000000, 20.717311 
1.374687, 9.294284, 0.000000, 20.708495 
1.376688, 9.285432, 0.000000, 20.699566 
1.378689, 9.276693, 0.000000, 20.690527 
1.380690, 9.268069, 0.000000, 20.681379 
1.382691, 9.259560, 0.000000, 20.672123 
1.384692, 9.251169, 0.000000, 20.662761 
1.386693, 9.242895, 0.000000, 20.653294 
1.388694, 9.234742, 0.000000, 20.643723 
1.390695, 9.226709, 0.000000, 20.634052 
1.392696, 9.218799, 0.000000, 20.624279 
1.394697, 9.211012, 0.000000, 20.614409 
1.396698, 9.203350, 0.000000, 20.604441 
1.398699, 9.195813, 0.000000, 20.594377 
1.400700, 9.188404, 0.000000, 20.584220 
1.402701, 9.181123, 0.000000, 20.573970 
1.404702, 9.173972, 0.000000, 20.563629 
1.406703, 9.166951, 0.000000, 20.553200 
1.408704, 9.160062, 0.000000, 20.542682 
1.410705, 9.153306, 0.000000, 20.532080 
1.412706, 9.146683, 0.000000, 20.521393 
1.414707, 9.140195, 0.000000, 20.510623 
1.416708, 9.133844, 0.000000, 20.499773 
1.418709, 9.127629, 0.000000, 20.488844 
1.420710, 9.121552, 0.000000, 20.477838 
1.422711, 9.115614, 0.000000, 20.466756 
1.424712, 9.109815, 0.000000, 20.455600 
1.426713, 9.104158, 0.000000, 20.444372 
1.428714, 9.098642, 0.000000, 20.433074 
1.430715, 9.093268, 0.000000, 20.421708 
1.432716, 9.088038, 0.000000, 20.410275 
1.434717, 9.082952, 0.000000, 20.398777 
1.436718, 9.078011, 0.000000, 20.387216 
1.438719, 9.073216, 0.000000, 20.375594 
1.440720, 9.068567, 0.000000, 20.363912 
1.442721, 9.064065, 0.000000, 20.352173 
1.444722, 9.059712, 0.000000, 20.340379 
1.446723, 9.055507, 0.000000, 20.328530 
1.448724, 9.051451, 0.000000, 20.316630 
1.450725, 9.047545, 0.000000, 20.304679 
1.452726, 9.043790, 0.000000, 20.292681 
1.454727, 9.040186, 0.000000, 20.280636 
1.456728, 9.036733, 0.000000, 20.268546 
1.458729, 9.033433, 0.000000, 20.256415 
1.460730, 9.030286, 0.000000, 20.244242 
1.462731, 9.027292, 0.000000, 20.232032 
1.464732, 9.024451, 0.000000, 20.219784 
1.466733, 9.021765, 0.000000, 20.207502 
1.468734, 9.019234, 0.000000, 20.195187 
1.470735, 9.016857, 0.000000, 20.182841 
1.472736, 9.014636, 0.000000, 20.170466 
1.474737, 9.012571, 0.000000, 20.158064 
1.476738, 9.010662, 0.000000, 20.145637 
1.478739, 9.008909, 0.000000, 20.133188 
1.480740, 9.007313, 0.000000, 20.120717 
1.482741, 9.005874, 0.000000, 20.108227 
1.484742, 9.004592, 0.000000, 20.095720 
1.486743, 9.003467, 0.000000, 20.083198 
1.488744, 9.002500, 0.000000, 20.070662 
1.490745, 9.001690, 0.000000, 20.058116 
1.492746, 9.001038, 0.000000, 20.045560 
1.494747, 9.000545, 0.000000, 20.032997 
1.496748, 9.000209, 0.000000, 20.020429 
1.498749, 9.000031, 0.000000, 20.007858 
1.500750, 9.000011, 0.000000, 19.995285 
1.502751, 9.000149, 0.000000, 19.982713 
1.504752, 9.000446, 0.000000, 19.970144 
1.506753, 9.000900, 0.000000, 19.957580 
1.508754, 9.001512, 0.000000, 19.945022 
1.510755, 9.002283, 0.000000, 19.932473 
1.512756, 9.003210, 0.000000, 19.919935 
1.514757, 9.004296, 0.000000, 19.907409 
1.516758, 9.005539, 0.000000, 19.894898 
1.518759, 9.006938, 0.000000, 19.882404 
1.520760, 9.008495, 0.000000, 19.869928 
1.522761, 9.010209, 0.000000, 19.857473 
1.524762, 9.012079, 0.000000, 19.845040 
1.526763, 9.014105, 0.000000, 19.832632 
1.528764, 9.016288, 0.000000, 19.820250 
1.530765, 9.018625, 0.000000, 19.807897 
1.532766, 9.021118, 0.000000, 19.795574 
1.534767, 9.023765, 0.000000, 19.783283 
1.536768, 9.026567, 0.000000, 19.771027 
1.538769, 9.029523, 0.000000, 19.758807 
1.540770, 9.032632, 0.000000, 19.746625 
1.542771, 9.035894, 0.000000, 19.734483 
1.544772, 9.039308, 0.000000, 19.722383 
1.546773, 9.042875, 0.000000, 19.710326 
1.548774, 9.046592, 0.000000, 19.698316 
1.550775, 9.050460, 0.000000, 19.686353 
1.552776, 9.054479, 0.000000, 19.674440 
1.554777, 9.058646, 0.000000, 19.662578 
1.556778, 9.062963, 0.000000, 19.650770 
1.558779, 9.067428, 0.000000, 19.639017 
1.560780, 9.072040, 0.000000, 19.627321 
1.562781, 9.076799, 0.000000, 19.615684 
1.564782, 9.081703, 0.000000, 19.604107 
1.566783, 9.086753, 0.000000, 19.592593 
1.568784, 9.091947, 0.000000, 19.581144 
1.570785, 9.097285, 0.000000, 19.569761 
1.572786, 9.102766, 0.000000, 19.558446 
1.574787, 9.108388, 0.000000, 19.547200 
1.576788, 9.114151, 0.000000, 19.536026 
1.578789, 9.120054, 0.000000, 19.524926 
1.580790, 9.126097, 0.000000, 19.513900 
1.582791, 9.132277, 0.000000, 19.502952 
1.584792, 9.138595, 0.000000, 19.492082 
1.586793, 9.145048, 0.000000, 19.481292 
1.588794, 9.151637, 0.000000, 19.470584 
1.590795, 9.158360, 0.000000, 19.459960 
1.592796, 9.165217, 0.000000, 19.449422 
1.594797, 9.172205, 0.000000, 19.438970 
1.596798, 9.179323, 0.000000, 19.428607 
1.598799, 9.186572, 0.000000, 19.418334 
1.600800, 9.193949, 0.000000, 19.408154 
1.602801, 9.201454, 0.000000, 19.398066 
1.604802, 9.209085, 0.000000, 19.388074 
1.606803, 9.216840, 0.000000, 19.378179 
1.608804, 9.224720, 0.000000, 19.368382 
1.610805, 9.232722, 0.000000, 19.358685 
1.612806, 9.240846, 0.000000, 19.349089 
1.614807, 9.249089, 0.000000, 19.339596 
1.616808, 9.257451, 0.000000, 19.330208 
1.618809, 9.265931, 0.000000, 19.320925 
1.620810, 9.274526, 0.000000, 19.311750 
1.622811, 9.283237, 0.000000, 19.302683 
1.624812, 9.292060, 0.000000, 19.293727 
1.626813, 9.300996, 0.000000, 19.284883 
1.628814, 9.310042, 0.000000, 19.276151 
1.630815, 9.319197, 0.000000, 19.267534 
1.632816, 9.328459, 0.000000, 19.259032 
1.634817, 9.337828, 0.000000, 19.250648 
1.636818, 9.347301, 0.000000, 19.242382 
1.638819, 9.356878, 0.000000, 19.234236 
1.640820, 9.366556, 0.000000, 19.226211 
1.642821, 9.376335, 0.000000, 19.218309 
1.644822, 9.386212, 0.000000, 19.210529 
1.646823, 9.396186, 0.000000, 19.202875 
1.648824, 9.406255, 0.000000, 19.195347 
1.650825, 9.416418, 0.000000, 19.187946 
1.652826, 9.426674, 0.000000, 19.180673 
1.654827, 9.437020, 0.000000, 19.173529 
1.656828, 9.447455, 0.000000, 19.166517 
1.658829, 9.457978, 0.000000, 19.159636 
1.660830, 9.468586, 0.000000, 19.152888 
1.662831, 9.479278, 0.000000, 19.146274 
1.664832, 9.490053, 0.000000, 19.139794 
1.666833, 9.500908, 0.000000, 19.133451 
1.668834, 9.511842, 0.000000, 19.127245 
1.670835, 9.522853, 0.000000, 19.121177 
1.672836, 9.533939, 0.000000, 19.115247 
1.674837, 9.545100, 0.000000, 19.109458 
1.676838, 9.556332, 0.000000, 19.103809 
1.678839, 9.567634, 0.000000, 19.098302 
1.680840, 9.579005, 0.000000, 19.092937 
1.682841, 9.590442, 0.000000, 19.087716 
1.684842, 9.601944, 0.000000, 19.082639 
1.686843, 9.613508, 0.000000, 19.077707 
1.688844, 9.625134, 0.000000, 19.072921 
1.690845, 9.636820, 0.000000, 19.068281 
1.692846, 9.648562, 0.000000, 19.063789 
1.694847, 9.660360, 0.000000, 19.059444 
1.696848, 9.672212, 0.000000, 19.055249 
1.698849, 9.684116, 0.000000, 19.051202 
1.700850, 9.696069, 0.000000, 19.047306 
1.702851, 9.708071, 0.000000, 19.043560 
1.704852, 9.720119, 0.000000, 19.039965 
1.706853, 9.732211, 0.000000, 19.036523 
1.708854, 9.744345, 0.000000, 19.033232 
1.710855, 9.756520, 0.000000, 19.030094 
1.712856, 9.768733, 0.000000, 19.027110 
1.714857, 9.780983, 0.000000, 19.024279 
1.716858, 9.793267, 0.000000, 19.021603 
1.718859, 9.805584, 0.000000, 19.019081 
1.720860, 9.817932, 0.000000, 19.016714 
1.722861, 9.830308, 0.000000, 19.014503 
1.724862, 9.842712, 0.000000, 19.012447 
1.726863, 9.855140, 0.000000, 19.010548 
1.728864, 9.867591, 0.000000, 19.008805 
1.730865, 9.880063, 0.000000, 19.007218 
1.732866, 9.892554, 0.000000, 19.005789 
1.734867, 9.905062, 0.000000, 19.004517 
1.736868, 9.917586, 0.000000, 19.003402 
1.738869, 9.930122, 0.000000, 19.002444 
1.740870, 9.942669, 0.000000, 19.001645 
1.742871, 9.955225, 0.000000, 19.001003 
1.744872, 9.967788, 0.000000, 19.000519 
1.746873, 9.980356, 0.000000, 19.000193 
1.748874, 9.992928, 0.000000, 19.000025 
1.750875, 10.005501, 0.000000, 19.000015 
1.752876, 10.018072, 0.000000, 19.000163 
1.754877, 10.030641, 0.000000, 19.000470 
1.756878, 10.043205, 0.000000, 19.000934 
1.758879, 10.055762, 0.000000, 19.001556 
1.760880, 10.068311, 0.000000, 19.002336 
1.762881, 10.080848, 0.000000, 19.003274 
1.764882, 10.093373, 0.000000, 19.004369 
1.766883, 10.105883, 0.000000, 19.005621 
1.768884, 10.118376, 0.000000, 19.007031 
1.770885, 10.130851, 0.000000, 19.008598 
1.772886, 10.143305, 0.000000, 19.010321 
1.774887, 10.155736, 0.000000, 19.012201 
1.776888, 10.168143, 0.000000, 19.014237 
1.778889, 10.180523, 0.000000, 19.016429 
1.780890, 10.192874, 0.000000, 19.018776 
1.782891, 10.205195, 0.000000, 19.021279 
1.784892, 10.217484, 0.000000, 19.023936 
1.786893, 10.229738, 0.000000, 19.026747 
1.788894, 10.241956, 0.000000, 19.029713 
1.790895, 10.254135, 0.000000, 19.032831 
1.792896, 10.266275, 0.000000, 19.036103 
1.794897, 10.278372, 0.000000, 19.039527 
1.796898, 10.290426, 0.000000, 19.043102 
1.798899, 10.302433, 0.000000, 19.046829 
1.800900, 10.314393, 0.000000, 19.050707 
1.802901, 10.326303, 0.000000, 19.054735 
1.804902, 10.338161, 0.000000, 19.058912 
1.806903, 10.349966, 0.000000, 19.063238 
1.808904, 10.361716, 0.000000, 19.067712 
1.810905, 10.373408, 0.000000, 19.072333 
1.812906, 10.385042, 0.000000, 19.077101 
1.814907, 10.396614, 0.000000, 19.082015 
1.816908, 10.408124, 0.000000, 19.087074 
1.818909, 10.419569, 0.000000, 19.092277 
1.820910, 10.430948, 0.000000, 19.097623 
1.822911, 10.442259, 0.000000, 19.103113 
1.824912, 10.453500, 0.000000, 19.108744 
1.826913, 10.464670, 0.000000, 19.114516 
1.828914, 10.475766, 0.000000, 19.120428 
1.830915, 10.486786, 0.000000, 19.126479 
1.832916, 10.497730, 0.000000, 19.132668 
1.834917, 10.508595, 0.000000, 19.138994 
1.836918, 10.519380, 0.000000, 19.145456 
1.838919, 10.530082, 0.000000, 19.152054 
1.840920, 10.540701, 0.000000, 19.158785 
1.842921, 10.551234, 0.000000, 19.165649 
1.844922, 10.561680, 0.000000, 19.172646 
1.846923, 10.572038, 0.000000, 19.179773 
1.848924, 10.582305, 0.000000, 19.187029 
1.850925, 10.592480, 0.000000, 19.194415 
1.852926, 10.602561, 0.000000, 19.201927 
1.854927, 10.612547, 0.000000, 19.209566 
1.856928, 10.622436, 0.000000, 19.217329 
1.858929, 10.632227, 0.000000, 19.225217 
1.860930, 10.641918, 0.000000, 19.233226 
1.862931, 10.651507, 0.000000, 19.241357 
1.864932, 10.660994, 0.000000, 19.249608 
1.866933, 10.670375, 0.000000, 19.257978 
1.868934, 10.679651, 0.000000, 19.266465 
1.870935, 10.688820, 0.000000, 19.275068 
1.872936, 10.697880, 0.000000, 19.283785 
1.874937, 10.706829, 0.000000, 19.292615 
1.876938, 10.715667, 0.000000, 19.301558 
1.878939, 10.724391, 0.000000, 19.310611 
1.880940, 10.733001, 0.000000, 19.319772 
1.882941, 10.741495, 0.000000, 19.329042 
1.884942, 10.749872, 0.000000, 19.338417 
1.886943, 10.758130, 0.000000, 19.347897 
1.888944, 10.766269, 0.000000, 19.357480 
1.890945, 10.774286, 0.000000, 19.367165 
1.892946, 10.782181, 0.000000, 19.376949 
1.894947, 10.789953, 0.000000, 19.386832 
1.896948, 10.797599, 0.000000, 19.396812 
1.898949, 10.805120, 0.000000, 19.406888 
1.900950, 10.812513, 0.000000, 19.417057 
1.902951, 10.819778, 0.000000, 19.427318 
1.904952, 10.826913, 0.000000, 19.437670 
1.906953, 10.833917, 0.000000, 19.448110 
1.908954, 10.840790, 0.000000, 19.458638 
1.910955, 10.847529, 0.000000, 19.469252 
1.912956, 10.854135, 0.000000, 19.479949 
1.914957, 10.860606, 0.000000, 19.490729 
1.916958, 10.866941, 0.000000, 19.501589 
1.918959, 10.873138, 0.000000, 19.512528 
1.920960, 10.879198, 0.000000, 19.523543 
1.922961, 10.885119, 0.000000, 19.534635 
1.924962, 10.890899, 0.000000, 19.545799 
1.926963, 10.896539, 0.000000, 19.557036 
1.928964, 10.902038, 0.000000, 19.568343 
1.930965, 10.907393, 0.000000, 19.579717 
1.932966, 10.912606, 0.000000, 19.591159 
1.934967, 10.917673, 0.000000, 19.602665 
1.936968, 10.922596, 0.000000, 19.614233 
1.938969, 10.927373, 0.000000, 19.625863 
1.940970, 10.932004, 0.000000, 19.637552 
1.942971, 10.936487, 0.000000, 19.649298 
1.944972, 10.940822, 0.000000, 19.661099 
1.946973, 10.945009, 0.000000, 19.672955 
1.948974, 10.949046, 0.000000, 19.684861 
1.950975, 10.952933, 0.000000, 19.696818 
1.952976, 10.956669, 0.000000, 19.708823 
1.954977, 10.960254, 0.000000, 19.720873 
1.956978, 10.963688, 0.000000, 19.732968 
1.958979, 10.966969, 0.000000, 19.745105 
1.960980, 10.970097, 0.000000, 19.757282 
1.962981, 10.973072, 0.000000, 19.769497 
1.964982, 10.975893, 0.000000, 19.781749 
1.966983, 10.978560, 0.000000, 19.794036 
1.968984, 10.981072, 0.000000, 19.806355 
1.970985, 10.983429, 0.000000, 19.818705 
1.972986, 10.985630, 0.000000, 19.831083 
1.974987, 10.987676, 0.000000, 19.843488 
1.976988, 10.989566, 0.000000, 19.855918 
1.978989, 10.991299, 0.000000, 19.868370 
1.980990, 10.992875, 0.000000, 19.880844 
1.982991, 10.994295, 0.000000, 19.893336 
1.984992, 10.995558, 0.000000, 19.905845 
1.986993, 10.996663, 0.000000, 19.918369 
1.988994, 10.997610, 0.000000, 19.930905 
1.990995, 10.998400, 0.000000, 19.943453 
1.992996, 10.999032, 0.000000, 19.956010 
1.994997, 10.999506, 0.000000, 19.968574 
1.996998, 10.999822, 0.000000, 19.981142 
1.998999, 10.999980, 0.000000, 19.993714 
2.001001, 10.999980, 0.000000, 20.006286 
2.003002, 10.999822, 0.000000, 20.018858 
2.005003, 10.999506, 0.000000, 20.031426 
2.007004, 10.999032, 0.000000, 20.043990 
2.009005, 10.998400, 0.000000, 20.056547 
2.011006, 10.997610, 0.000000, 20.069095 
2.013007, 10.996663, 0.000000, 20.081631 
2.015008, 10.995558, 0.000000, 20.094155 
2.017009, 10.994295, 0.000000, 20.106664 
2.019010, 10.992875, 0.000000, 20.119156 
2.021011, 10.991299, 0.000000, 20.131630 
2.023012, 10.989566, 0.000000, 20.144082 
2.025013, 10.987676, 0.000000, 20.156512 
2.027014, 10.985630, 0.000000, 20.168917 
2.029015, 10.983429, 0.000000, 20.181295 
2.031016, 10.981072, 0.000000, 20.193645 
2.033017, 10.978560, 0.000000, 20.205964 
2.035018, 10.975893, 0.000000, 20.218251 
2.037019, 10.973072, 0.000000, 20.230503 
2.039020, 10.970097, 0.000000, 20.242718 
2.041021, 10.966969, 0.000000, 20.254895 
2.043022, 10.963688, 0.000000, 20.267032 
2.045023, 10.960254, 0.000000, 20.279127 
2.047024, 10.956669, 0.000000, 20.291177 
2.049025, 10.952933, 0.000000, 20.303182 
2.051026, 10.949046, 0.000000, 20.315139 
2.053027, 10.945009, 0.000000, 20.327045 
2.055028, 10.940822, 0.000000, 20.338901 
2.057029, 10.936487, 0.000000, 20.350702 
2.059030, 10.932004, 0.000000, 20.362448 
2.061031, 10.927373, 0.000000, 20.374137 
2.063032, 10.922596, 0.000000, 20.385767 
2.065033, 10.917673, 0.000000, 20.397335 
2.067034, 10.912606, 0.000000, 20.408841 
2.069035, 10.907393, 0.000000, 20.420283 
2.071036, 10.902038, 0.000000, 20.431657 
2.073037, 10.896539, 0.000000, 20.442964 
2.075038, 10.890899, 0.000000, 20.454201 
2.077039, 10.885119, 0.000000, 20.465365 
2.079040, 10.879198, 0.000000, 20.476457 
2.081041, 10.873138, 0.000000, 20.487472 
2.083042, 10.866941, 0.000000, 20.498411 
2.085043, 10.860606, 0.000000, 20.509271 
2.087044, 10.854135, 0.000000, 20.520051 
2.089045, 10.847529, 0.000000, 20.530748 
2.091046, 10.840790, 0.000000, 20.541362 
2.093047, 10.833917, 0.000000, 20.551890 
2.095048, 10.826913, 0.000000, 20.562330 
2.097049, 10.819778, 0.000000, 20.572682 
2.099050, 10.812513, 0.000000, 20.582943 
2.101051, 10.805120, 0.000000, 20.593112 
2.103052, 10.797599, 0.000000, 20.603188 
2.105053, 10.789953, 0.000000, 20.613168 
2.107054, 10.782181, 0.000000, 20.623051 
2.109055, 10.774286, 0.000000, 20.632835 
2.111056, 10.766269, 0.000000, 20.642520 
2.113057, 10.758130, 0.000000, 20.652103 
2.115058, 10.749872, 0.000000, 20.661583 
2.117059, 10.741495, 0.000000, 20.670958 
2.119060, 10.733001, 0.000000, 20.680228 
2.121061, 10.724391, 0.000000, 20.689389 
2.123062, 10.715667, 0.000000, 20.698442 
2.125063, 10.706829, 0.000000, 20.707385 
2.127064, 10.697880, 0.000000, 20.716215 
2.129065, 10.688820, 0.000000, 20.724932 
2.131066, 10.679651, 0.000000, 20.733535 
2.133067, 10.670375, 0.000000, 20.742022 
2.135068, 10.660994, 0.000000, 20.750392 
2.137069, 10.651507, 0.000000, 20.758643 
2.139070, 10.641918, 0.000000, 20.766774 
2.141071, 10.632227, 0.000000, 20.774783 
2.143072, 10.622436, 0.000000, 20.782671 
2.145073, 10.612547, 0.000000, 20.790434 
2.147074, 10.602561, 0.000000, 20.798073 
2.149075, 10.592480, 0.000000, 20.805585 
2.151076, 10.582305, 0.000000, 20.812971 
2.153077, 10.572038, 0.000000, 20.820227 
2.155078, 10.561680, 0.000000, 20.827354 
2.157079, 10.551234, 0.000000, 20.834351 
2.159080, 10.540701, 0.000000, 20.841215 
2.161081, 10.530082, 0.000000, 20.847946 
2.163082, 10.519380, 0.000000, 20.854544 
2.165083, 10.508595, 0.000000, 20.861006 
2.167084, 10.497730, 0.000000, 20.867332 
2.169085, 10.486786, 0.000000, 20.873521 
2.171086, 10.475766, 0.000000, 20.879572 
2.173087, 10.464670, 0.000000, 20.885484 
2.175088, 10.453500, 0.000000, 20.891256 
2.177089, 10.442259, 0.000000, 20.896887 
2.179090, 10.430948, 0.000000, 20.902377 
2.181091, 10.419569, 0.000000, 20.907723 
2.183092, 10.408124, 0.000000, 20.912926 
2.185093, 10.396614, 0.000000, 20.917985 
2.187094, 10.385042, 0.000000, 20.922899 
2.189095, 10.373408, 0.000000, 20.927667 
2.191096, 10.361716, 0.000000, 20.932288 
2.193097, 10.349966, 0.000000, 20.936762 
2.195098, 10.338161, 0.000000, 20.941088 
2.197099, 10.326303, 0.000000, 20.945265 
2.199100, 10.314393, 0.000000, 20.949293 
2.201101, 10.302433, 0.000000, 20.953171 
2.203102, 10.290426, 0.000000, 20.956898 
2.205103, 10.278372, 0.000000, 20.960473 
2.207104, 10.266275, 0.000000, 20.963897 
2.209105, 10.254135, 0.000000, 20.967169 
2.211106, 10.241956, 0.000000, 20.970287 
2.213107, 10.229738, 0.000000, 20.973253 
2.215108, 10.217484, 0.000000, 20.976064 
2.217109, 10.205195, 0.000000, 20.978721 
2.219110, 10.192874, 0.000000, 20.981224 
2.221111, 10.180523, 0.000000, 20.983571 
2.223112, 10.168143, 0.000000, 20.985763 
2.225113, 10.155736, 0.000000, 20.987799 
2.227114, 10.143305, 0.000000, 20.989679 
2.229115, 10.130851, 0.000000, 20.991402 
2.231116, 10.118376, 0.000000, 20.992969 
2.233117, 10.105883, 0.000000, 20.994379 
2.235118, 10.093373, 0.000000, 20.995631 
2.237119, 10.080848, 0.000000, 20.996726 
2.239120, 10.068311, 0.000000, 20.997664 
2.241121, 10.055762, 0.000000, 20.998444 
2.243122, 10.043205, 0.000000, 20.999066 
2.245123, 10.030641, 0.000000, 20.999530 
2.247124, 10.018072, 0.000000, 20.999837 
2.249125, 10.005501, 0.000000, 20.999985 
2.251126, 9.992928, 0.000000, 20.999975 
2.253127, 9.980356, 0.000000, 20.999807 
2.255128, 9.967788, 0.000000, 20.999481 
2.257129, 9.955225, 0.000000, 20.998997 
2.259130, 9.942669, 0.000000, 20.998355 
2.261131, 9.930122, 0.000000, 20.997556 
2.263132, 9.917586, 0.000000, 20.996598 
2.265133, 9.905062, 0.000000, 20.995483 
2.267134, 9.892554, 0.000000, 20.994211 
2.269135, 9.880063, 0.000000, 20.992782 
2.271136, 9.867591, 0.000000, 20.991195 
2.273137, 9.855140, 0.000000, 20.989452 
2.275138, 9.842712, 0.000000, 20.987553 
2.277139, 9.830308, 0.000000, 20.985497 
2.279140, 9.817932, 0.000000, 20.983286 
2.281141, 9.805584, 0.000000, 20.980919 
2.283142, 9.793267, 0.000000, 20.978397 
2.285143, 9.780983, 0.000000, 20.975721 
2.287144, 9.768733, 0.000000, 20.972890 
2.289145, 9.756520, 0.000000, 20.969906 
2.291146, 9.744345, 0.000000, 20.966768 
2.293147, 9.732211, 0.000000, 20.963477 
2.295148, 9.720119, 0.000000, 20.960035 
2.297149, 9.708071, 0.000000, 20.956440 
2.299150, 9.696069, 0.000000, 20.952694 
2.301151, 9.684116, 0.000000, 20.948798 
2.303152, 9.672212, 0.000000, 20.944751 
2.305153, 9.660360, 0.000000, 20.940556 
2.307154, 9.648562, 0.000000, 20.936211 
2.309155, 9.636820, 0.000000, 20.931719 
2.311156, 9.625134, 0.000000, 20.927079 
2.313157, 9.613508, 0.000000, 20.922293 
2.315158, 9.601944, 0.000000, 20.917361 
2.317159, 9.590442, 0.000000, 20.912284 
2.319160, 9.579005, 0.000000, 20.907063 
2.321161, 9.567634, 0.000000, 20.901698 
2.323162, 9.556332, 0.000000, 20.896191 
2.325163, 9.545100, 0.000000, 20.890542 
2.327164, 9.533939, 0.000000, 20.884753 
2.329165, 9.522853, 0.000000, 20.878823 
2.331166, 9.511842, 0.000000, 20.872755 
2.333167, 9.500908, 0.000000, 20.866549 
2.335168, 9.490053, 0.000000, 20.860206 
2.337169, 9.479278, 0.000000, 20.853726 
2.339170, 9.468586, 0.000000, 20.847112 
2.341171, 9.457978, 0.000000, 20.840364 
2.343172, 9.447455, 0.000000, 20.833483 
2.345173, 9.437020, 0.000000, 20.826471 
2.347174, 9.426674, 0.000000, 20.819327 
2.349175, 9.416418, 0.000000, 20.812054 
2.351176, 9.406255, 0.000000, 20.804653 
2.353177, 9.396186, 0.000000, 20.797125 
2.355178, 9.386212, 0.000000, 20.789471 
2.357179, 9.376335, 0.000000, 20.781691 
2.359180, 9.366556, 0.000000, 20.773789 
2.361181, 9.356878, 0.000000, 20.765764 
2.363182, 9.347301, 0.000000, 20.757618 
2.365183, 9.337828, 0.000000, 20.749352 
2.367184, 9.328459, 0.000000, 20.740968 
2.369185, 9.319197, 0.000000, 20.732466 
2.371186, 9.310042, 0.000000, 20.723849 
2.373187, 9.300996, 0.000000, 20.715117 
2.375188, 9.292060, 0.000000, 20.706273 
2.377189, 9.283237, 0.000000, 20.697317 
2.379190, 9.274526, 0.000000, 20.688250 
2.381191, 9.265931, 0.000000, 20.679075 
2.383192, 9.257451, 0.000000, 20.669792 
2.385193, 9.249089, 0.000000, 20.660404 
2.387194, 9.240846, 0.000000, 20.650911 
2.389195, 9.232722, 0.000000, 20.641315 
2.391196, 9.224720, 0.000000, 20.631618 
2.393197, 9.216840, 0.000000, 20.621821 
2.395198, 9.209085, 0.000000, 20.611926 
2.397199, 9.201454, 0.000000, 20.601934 
2.399200, 9.193949, 0.000000, 20.591846 
2.401201, 9.186572, 0.000000, 20.581666 
2.403202, 9.179323, 0.000000, 20.571393 
2.405203, 9.172205, 0.000000, 20.561030 
2.407204, 9.165217, 0.000000, 20.550578 
2.409205, 9.158360, 0.000000, 20.540040 
2.411206, 9.151637, 0.000000, 20.529416 
2.413207, 9.145048, 0.000000, 20.518708 
2.415208, 9.138595, 0.000000, 20.507918 
2.417209, 9.132277, 0.000000, 20.497048 
2.419210, 9.126097, 0.000000, 20.486100 
2.421211, 9.120054, 0.000000, 20.475074 
2.423212, 9.114151, 0.000000, 20.463974 
2.425213, 9.108388, 0.000000, 20.452800 
2.427214, 9.102766, 0.000000, 20.441554 
2.429215, 9.097285, 0.000000, 20.430239 
2.431216, 9.091947, 0.000000, 20.418856 
2.433217, 9.086753, 0.000000, 20.407407 
2.435218, 9.081703, 0.000000, 20.395893 
2.437219, 9.076799, 0.000000, 20.384316 
2.439220, 9.072040, 0.000000, 20.372679 
2.441221, 9.067428, 0.000000, 20.360983 
2.443222, 9.062963, 0.000000, 20.349230 
2.445223, 9.058646, 0.000000, 20.337422 
2.447224, 9.054479, 0.000000, 20.325560 
2.449225, 9.050460, 0.000000, 20.313647 
2.451226, 9.046592, 0.000000, 20.301684 
2.453227, 9.042875, 0.000000, 20.289674 
2.455228, 9.039308, 0.000000, 20.277617 
2.457229, 9.035894, 0.000000, 20.265517 
2.459230, 9.032632, 0.000000, 20.253375 
2.461231, 9.029523, 0.000000, 20.241193 
2.463232, 9.026567, 0.000000, 20.228973 
2.465233, 9.023765, 0.000000, 20.216717 
2.467234, 9.021118, 0.000000, 20.204426 
2.469235, 9.018625, 0.000000, 20.192103 
2.471236, 9.016288, 0.000000, 20.179750 
2.473237, 9.014105, 0.000000, 20.167368 
2.475238, 9.012079, 0.000000, 20.154960 
2.477239, 9.010209, 0.000000, 20.142527 
2.479240, 9.008495, 0.000000, 20.130072 
2.481241, 9.006938, 0.000000, 20.117596 
2.483242, 9.005539, 0.000000, 20.105102 
2.485243, 9.004296, 0.000000, 20.092591 
2.487244, 9.003210, 0.000000, 20.080065 
2.489245, 9.002283, 0.000000, 20.067527 
2.491246, 9.001512, 0.000000, 20.054978 
2.493247, 9.000900, 0.000000, 20.042420 
2.495248, 9.000446, 0.000000, 20.029856 
2.497249, 9.000149, 0.000000, 20.017287 
2.499250, 9.000011, 0.000000, 20.004715 
2.501251, 9.000031, 0.000000, 19.992142 
2.503252, 9.000209, 0.000000, 19.979571 
2.505253, 9.000545, 0.000000, 19.967003 
2.507254, 9.001038, 0.000000, 19.954440 
2.509255, 9.001690, 0.000000, 19.941884 
2.511256, 9.002500, 0.000000, 19.929338 
2.513257, 9.003467, 0.000000, 19.916802 
2.515258, 9.004592, 0.000000, 19.904280 
2.517259, 9.005874, 0.000000, 19.891773 
2.519260, 9.007313, 0.000000, 19.879283 
2.521261, 9.008909, 0.000000, 19.866812 
2.523262, 9.010662, 0.000000, 19.854363 
2.525263, 9.012571, 0.000000, 19.841936 
2.527264, 9.014636, 0.000000, 19.829534 
2.529265, 9.016857, 0.000000, 19.817159 
2.531266, 9.019234, 0.000000, 19.804813 
2.533267, 9.021765, 0.000000, 19.792498 
2.535268, 9.024451, 0.000000, 19.780216 
2.537269, 9.027292, 0.000000, 19.767968 
2.539270, 9.030286, 0.000000, 19.755758 
2.541271, 9.033433, 0.000000, 19.743585 
2.543272, 9.036733, 0.000000, 19.731454 
2.545273, 9.040186, 0.000000, 19.719364 
2.547274, 9.043790, 0.000000, 19.707319 
2.549275, 9.047545, 0.000000, 19.695321 
2.551276, 9.051451, 0.000000, 19.683370 
2.553277, 9.055507, 0.000000, 19.671470 
2.555278, 9.059712, 0.000000, 19.659621 
2.557279, 9.064065, 0.000000, 19.647827 
2.559280, 9.068567, 0.000000, 19.636088 
2.561281, 9.073216, 0.000000, 19.624406 
2.563282, 9.078011, 0.000000, 19.612784 
2.565283, 9.082952, 0.000000, 19.601223 
2.567284, 9.088038, 0.000000, 19.589725 
2.569285, 9.093268, 0.000000, 19.578292 
2.571286, 9.098642, 0.000000, 19.566926 
2.573287, 9.104158, 0.000000, 19.555628 
2.575288, 9.109815, 0.000000, 19.544400 
2.577289, 9.115614, 0.000000, 19.533244 
2.579290, 9.121552, 0.000000, 19.522162 
2.581291, 9.127629, 0.000000, 19.511156 
2.583292, 9.133844, 0.000000, 19.500227 
2.585293, 9.140195, 0.000000, 19.489377 
2.587294, 9.146683, 0.000000, 19.478607 
2.589295, 9.153306, 0.000000, 19.467920 
2.591296, 9.160062, 0.000000, 19.457318 
2.593297, 9.166951, 0.000000, 19.446800 
2.595298, 9.173972, 0.000000, 19.436371 
2.597299, 9.181123, 0.000000, 19.426030 
2.599300, 9.188404, 0.000000, 19.415780 
2.601301, 9.195813, 0.000000, 19.405623 
2.603302, 9.203350, 0.000000, 19.395559 
2.605303, 9.211012, 0.000000, 19.385591 
2.607304, 9.218799, 0.000000, 19.375721 
2.609305, 9.226709, 0.000000, 19.365948 
2.611306, 9.234742, 0.000000, 19.356277 
2.613307, 9.242895, 0.000000, 19.346706 
2.615308, 9.251169, 0.000000, 19.337239 
2.617309, 9.259560, 0.000000, 19.327877 
2.619310, 9.268069, 0.000000, 19.318621 
2.621311, 9.276693, 0.000000, 19.309473 
2.623312, 9.285432, 0.000000, 19.300434 
2.625313, 9.294284, 0.000000, 19.291505 
2.627314, 9.303247, 0.000000, 19.282689 
2.629315, 9.312320, 0.000000, 19.273986 
2.631316, 9.321502, 0.000000, 19.265398 
2.633317, 9.330792, 0.000000, 19.256925 
2.635318, 9.340187, 0.000000, 19.248571 
2.637319, 9.349686, 0.000000, 19.240335 
2.639320, 9.359288, 0.000000, 19.232219 
2.641321, 9.368992, 0.000000, 19.224224 
2.643322, 9.378795, 0.000000, 19.216352 
2.645323, 9.388696, 0.000000, 19.208604 
2.647324, 9.398694, 0.000000, 19.200981 
2.649325, 9.408787, 0.000000, 19.193484 
2.651326, 9.418974, 0.000000, 19.186115 
2.653327, 9.429252, 0.000000, 19.178875 
2.655328, 9.439621, 0.000000, 19.171764 
2.657329, 9.450078, 0.000000, 19.164784 
2.659330, 9.460622, 0.000000, 19.157936 
2.661331, 9.471251, 0.000000, 19.151222 
2.663332, 9.481964, 0.000000, 19.144641 
2.665333, 9.492759, 0.000000, 19.138196 
2.667334, 9.503634, 0.000000, 19.131887 
2.669335, 9.514587, 0.000000, 19.125715 
2.671336, 9.525617, 0.000000, 19.119681 
2.673337, 9.536723, 0.000000, 19.113787 
2.675338, 9.547901, 0.000000, 19.108032 
2.677339, 9.559151, 0.000000, 19.102419 
2.679340, 9.570470, 0.000000, 19.096947 
2.681341, 9.581858, 0.000000, 19.091618 
2.683342, 9.593311, 0.000000, 19.086433 
2.685343, 9.604829, 0.000000, 19.081392 
2.687344, 9.616409, 0.000000, 19.076497 
2.689345, 9.628050, 0.000000, 19.071747 
2.691346, 9.639750, 0.000000, 19.067144 
2.693347, 9.651507, 0.000000, 19.062689 
2.695348, 9.663318, 0.000000, 19.058382 
2.697349, 9.675183, 0.000000, 19.054223 
2.699350, 9.687099, 0.000000, 19.050214 
2.701351, 9.699065, 0.000000, 19.046355 
2.703352, 9.711079, 0.000000, 19.042647 
2.705353, 9.723138, 0.000000, 19.039090 
2.707354, 9.735240, 0.000000, 19.035686 
2.709355, 9.747385, 0.000000, 19.032433 
2.711356, 9.759569, 0.000000, 19.029334 
2.713357, 9.771792, 0.000000, 19.026388 
2.715358, 9.784051, 0.000000, 19.023595 
2.717359, 9.796343, 0.000000, 19.020958 
2.719360, 9.808668, 0.000000, 19.018475 
2.721361, 9.821023, 0.000000, 19.016147 
2.723362, 9.833407, 0.000000, 19.013974 
2.725363, 9.845817, 0.000000, 19.011958 
2.727364, 9.858251, 0.000000, 19.010097 
2.729365, 9.870707, 0.000000, 19.008394 
2.731366, 9.883184, 0.000000, 19.006846 
2.733367, 9.895680, 0.000000, 19.005456 
2.735368, 9.908192, 0.000000, 19.004223 
2.737369, 9.920718, 0.000000, 19.003148 
2.739370, 9.933257, 0.000000, 19.002230 
2.741371, 9.945807, 0.000000, 19.001470 
2.743372, 9.958365, 0.000000, 19.000867 
2.745373, 9.970930, 0.000000, 19.000423 
2.747374, 9.983499, 0.000000, 19.000136 
2.749375, 9.996071, 0.000000, 19.000008 
2.751376, 10.008644, 0.000000, 19.000037 
2.753377, 10.021215, 0.000000, 19.000225 
2.755378, 10.033783, 0.000000, 19.000571 
2.757379, 10.046345, 0.000000, 19.001075 
2.759380, 10.058900, 0.000000, 19.001736 
2.761381, 10.071446, 0.000000, 19.002556 
2.763382, 10.083981, 0.000000, 19.003533 
2.765383, 10.096502, 0.000000, 19.004667 
2.767384, 10.109008, 0.000000, 19.005959 
2.769385, 10.121497, 0.000000, 19.007408 
2.771386, 10.133966, 0.000000, 19.009014 
2.773387, 10.146415, 0.000000, 19.010777 
2.775388, 10.158840, 0.000000, 19.012696 
2.777389, 10.171240, 0.000000, 19.014771 
2.779390, 10.183613, 0.000000, 19.017001 
2.781391, 10.195957, 0.000000, 19.019388 
2.783392, 10.208270, 0.000000, 19.021929 
2.785393, 10.220551, 0.000000, 19.024624 
2.787394, 10.232796, 0.000000, 19.027474 
2.789395, 10.245004, 0.000000, 19.030478 
2.791396, 10.257174, 0.000000, 19.033635 
2.793397, 10.269303, 0.000000, 19.036945 
2.795398, 10.281390, 0.000000, 19.040406 
2.797399, 10.293432, 0.000000, 19.044020 
2.799400, 10.305428, 0.000000, 19.047785 
2.801401, 10.317375, 0.000000, 19.051700 
2.803402, 10.329272, 0.000000, 19.055765 
2.805403, 10.341117, 0.000000, 19.059979 
2.807404, 10.352909, 0.000000, 19.064342 
2.809405, 10.364644, 0.000000, 19.068853 
2.811406, 10.376322, 0.000000, 19.073511 
2.813407, 10.387941, 0.000000, 19.078316 
2.815408, 10.399498, 0.000000, 19.083266 
2.817409, 10.410991, 0.000000, 19.088361 
2.819410, 10.422420, 0.000000, 19.093600 
2.821411, 10.433783, 0.000000, 19.098982 
2.823412, 10.445076, 0.000000, 19.104507 
2.825413, 10.456299, 0.000000, 19.110174 
2.827414, 10.467451, 0.000000, 19.115981 
2.829415, 10.478528, 0.000000, 19.121928 
2.831416, 10.489529, 0.000000, 19.128013 
2.833417, 10.500454, 0.000000, 19.134237 
2.835418, 10.511299, 0.000000, 19.140597 
2.837419, 10.522063, 0.000000, 19.147093 
2.839420, 10.532745, 0.000000, 19.153724 
2.841421, 10.543342, 0.000000, 19.160489 
2.843422, 10.553854, 0.000000, 19.167386 
2.845423, 10.564278, 0.000000, 19.174415 
2.847424, 10.574613, 0.000000, 19.181575 
2.849425, 10.584857, 0.000000, 19.188864 
2.851426, 10.595009, 0.000000, 19.196281 
2.853427, 10.605066, 0.000000, 19.203825 
2.855428, 10.615028, 0.000000, 19.211495 
2.857429, 10.624893, 0.000000, 19.219290 
2.859430, 10.634659, 0.000000, 19.227208 
2.861431, 10.644325, 0.000000, 19.235248 
2.863432, 10.653888, 0.000000, 19.243409 
2.865433, 10.663349, 0.000000, 19.251690 
2.867434, 10.672704, 0.000000, 19.260089 
2.869435, 10.681954, 0.000000, 19.268605 
2.871436, 10.691095, 0.000000, 19.277236 
2.873437, 10.700127, 0.000000, 19.285982 
2.875438, 10.709049, 0.000000, 19.294841 
2.877439, 10.717858, 0.000000, 19.303811 
2.879440, 10.726554, 0.000000, 19.312891 
2.881441, 10.735135, 0.000000, 19.322080 
2.883442, 10.743600, 0.000000, 19.331376 
2.885443, 10.751948, 0.000000, 19.340777 
2.887444, 10.760176, 0.000000, 19.350283 
2.889445, 10.768285, 0.000000, 19.359892 
2.891446, 10.776272, 0.000000, 19.369601 
2.893447, 10.784136, 0.000000, 19.379411 
2.895448, 10.791876, 0.000000, 19.389318 
2.897449, 10.799491, 0.000000, 19.399322 
2.899450, 10.806980, 0.000000, 19.409421 
2.901451, 10.814341, 0.000000, 19.419613 
2.903452, 10.821574, 0.000000, 19.429897 
2.905453, 10.828676, 0.000000, 19.440272 
2.907454, 10.835648, 0.000000, 19.450734 
2.909455, 10.842487, 0.000000, 19.461284 
2.911456, 10.849194, 0.000000, 19.471918 
2.913457, 10.855766, 0.000000, 19.482636 
2.915458, 10.862202, 0.000000, 19.493436 
2.917459, 10.868503, 0.000000, 19.504316 
2.919460, 10.874666, 0.000000, 19.515274 
2.921461, 10.880691, 0.000000, 19.526309 
2.923462, 10.886577, 0.000000, 19.537419 
2.925463, 10.892323, 0.000000, 19.548602 
2.927464, 10.897927, 0.000000, 19.559856 
2.929465, 10.903390, 0.000000, 19.571180 
2.931466, 10.908710, 0.000000, 19.582572 
2.933467, 10.913886, 0.000000, 19.594029 
2.935468, 10.918918, 0.000000, 19.605551 
2.937469, 10.923804, 0.000000, 19.617135 
2.939470, 10.928545, 0.000000, 19.628780 
2.941471, 10.933139, 0.000000, 19.640483 
2.943472, 10.937585, 0.000000, 19.652243 
2.945473, 10.941883, 0.000000, 19.664058 
2.947474, 10.946032, 0.000000, 19.675926 
2.949475, 10.950031, 0.000000, 19.687846 
2.951476, 10.953881, 0.000000, 19.699815 
2.953477, 10.957580, 0.000000, 19.711831 
2.955478, 10.961127, 0.000000, 19.723893 
2.957479, 10.964522, 0.000000, 19.735998 
2.959480, 10.967765, 0.000000, 19.748145 
2.961481, 10.970855, 0.000000, 19.760332 
2.963482, 10.973791, 0.000000, 19.772557 
2.965483, 10.976574, 0.000000, 19.784818 
2.967484, 10.979202, 0.000000, 19.797113 
2.969485, 10.981675, 0.000000, 19.809440 
2.971486, 10.983994, 0.000000, 19.821797 
2.973487, 10.986156, 0.000000, 19.834182 
2.975488, 10.988163, 0.000000, 19.846593 
2.977489, 10.990014, 0.000000, 19.859029 
2.979490, 10.991708, 0.000000, 19.871487 
2.981491, 10.993245, 0.000000, 19.883965 
2.983492, 10.994625, 0.000000, 19.896461 
2.985493, 10.995849, 0.000000, 19.908974 
2.987494, 10.996914, 0.000000, 19.921502 
2.989495, 10.997822, 0.000000, 19.934041 
2.991496, 10.998573, 0.000000, 19.946592 
2.993497, 10.999165, 0.000000, 19.959150 
2.995498, 10.999600, 0.000000, 19.971715 
2.997499, 10.999877, 0.000000, 19.984285 
2.999500, 10.999995, 0.000000, 19.996857 
3.001501, 10.999956, 0.000000, 20.009429 
3.003502, 10.999758, 0.000000, 20.022000 
3.005503, 10.999402, 0.000000, 20.034568 
3.007504, 10.998889, 0.000000, 20.047130 
3.009505, 10.998217, 0.000000, 20.059685 
3.011506, 10.997388, 0.000000, 20.072230 
3.013507, 10.996401, 0.000000, 20.084764 
3.015508, 10.995257, 0.000000, 20.097284 
3.017509, 10.993955, 0.000000, 20.109789 
3.019510, 10.992496, 0.000000, 20.122277 
3.021511, 10.990880, 0.000000, 20.134745 
3.023512, 10.989108, 0.000000, 20.147192 
3.025513, 10.987179, 0.000000, 20.159616 
3.027514, 10.985094, 0.000000, 20.172014 
3.029515, 10.982854, 0.000000, 20.184386 
3.031516, 10.980458, 0.000000, 20.196728 
3.033517, 10.977907, 0.000000, 20.209039 
3.035518, 10.975202, 0.000000, 20.221317 
3.037519, 10.972342, 0.000000, 20.233560 
3.039520, 10.969329, 0.000000, 20.245766 
3.041521, 10.966163, 0.000000, 20.257933 
3.043522, 10.962844, 0.000000, 20.270060 
3.045523, 10.959372, 0.000000, 20.282144 
3.047524, 10.955749, 0.000000, 20.294183 
3.049525, 10.951975, 0.000000, 20.306176 
3.051526, 10.948050, 0.000000, 20.318120 
3.053527, 10.943976, 0.000000, 20.330014 
3.055528, 10.939752, 0.000000, 20.341856 
3.057529, 10.935380, 0.000000, 20.353644 
3.059530, 10.930860, 0.000000, 20.365376 
3.061531, 10.926193, 0.000000, 20.377050 
3.063532, 10.921379, 0.000000, 20.388665 
3.065533, 10.916420, 0.000000, 20.400218 
3.067534, 10.911316, 0.000000, 20.411708 
3.069535, 10.906068, 0.000000, 20.423133 
3.071536, 10.900676, 0.000000, 20.434490 
3.073537, 10.895143, 0.000000, 20.445780 
3.075538, 10.889467, 0.000000, 20.456999 
3.077539, 10.883652, 0.000000, 20.468145 
3.079540, 10.877696, 0.000000, 20.479218 
3.081541, 10.871602, 0.000000, 20.490214 
3.083542, 10.865370, 0.000000, 20.501134 
3.085543, 10.859001, 0.000000, 20.511974 
3.087544, 10.852496, 0.000000, 20.522733 
3.089545, 10.845857, 0.000000, 20.533410 
3.091546, 10.839084, 0.000000, 20.544002 
3.093547, 10.832178, 0.000000, 20.554508 
3.095548, 10.825141, 0.000000, 20.564927 
3.097549, 10.817973, 0.000000, 20.575256 
3.099550, 10.810677, 0.000000, 20.585494 
3.101551, 10.803251, 0.000000, 20.595640 
3.103552, 10.795699, 0.000000, 20.605692 
3.105553, 10.788022, 0.000000, 20.615648 
3.107554, 10.780219, 0.000000, 20.625506 
3.109555, 10.772293, 0.000000, 20.635266 
3.111556, 10.764246, 0.000000, 20.644925 
3.113557, 10.756077, 0.000000, 20.654483 
3.115558, 10.747789, 0.000000, 20.663937 
3.117559, 10.739382, 0.000000, 20.673286 
3.119560, 10.730859, 0.000000, 20.682528 
3.121561, 10.722221, 0.000000, 20.691663 
3.123562, 10.713468, 0.000000, 20.700688 
3.125563, 10.704602, 0.000000, 20.709603 
3.127564, 10.695625, 0.000000, 20.718405 
3.129565, 10.686538, 0.000000, 20.727094 
3.131566, 10.677342, 0.000000, 20.735668 
3.133567, 10.668040, 0.000000, 20.744126 
3.135568, 10.658632, 0.000000, 20.752466 
3.137569, 10.649119, 0.000000, 20.760687 
3.139570, 10.639504, 0.000000, 20.768787 
3.141571, 10.629788, 0.000000, 20.776767 
3.143572, 10.619973, 0.000000, 20.784623 
3.145573, 10.610059, 0.000000, 20.792356 
3.147574, 10.600049, 0.000000, 20.799963 
3.149575, 10.589945, 0.000000, 20.807444 
3.151576, 10.579747, 0.000000, 20.814797 
3.153577, 10.569457, 0.000000, 20.822021 
3.155578, 10.559077, 0.000000, 20.829116 
3.157579, 10.548609, 0.000000, 20.836079 
3.159580, 10.538054, 0.000000, 20.842910 
3.161581, 10.527414, 0.000000, 20.849608 
3.163582, 10.516691, 0.000000, 20.856172 
3.165583, 10.505886, 0.000000, 20.862600 
3.167584, 10.495001, 0.000000, 20.868892 
3.169585, 10.484038, 0.000000, 20.875047 
3.171586, 10.472999, 0.000000, 20.881063 
3.173587, 10.461884, 0.000000, 20.886940 
3.175588, 10.450697, 0.000000, 20.892677 
3.177589, 10.439438, 0.000000, 20.898273 
3.179590, 10.428110, 0.000000, 20.903727 
3.181591, 10.416714, 0.000000, 20.909038 
3.183592, 10.405253, 0.000000, 20.914205 
3.185593, 10.393727, 0.000000, 20.919227 
3.187594, 10.382139, 0.000000, 20.924105 
3.189595, 10.370491, 0.000000, 20.928836 
3.191596, 10.358784, 0.000000, 20.933421 
3.193597, 10.347020, 0.000000, 20.937858 
3.195598, 10.335202, 0.000000, 20.942146 
3.197599, 10.323330, 0.000000, 20.946286 
3.199600, 10.311407, 0.000000, 20.950276 
3.201601, 10.299436, 0.000000, 20.954116 
3.203602, 10.287417, 0.000000, 20.957806 
3.205603, 10.275352, 0.000000, 20.961343 
3.207604, 10.263244, 0.000000, 20.964729 
3.209605, 10.251094, 0.000000, 20.967963 
3.211606, 10.238905, 0.000000, 20.971043 
3.213607, 10.226678, 0.000000, 20.973970 
3.215608, 10.214415, 0.000000, 20.976743 
3.217609, 10.202118, 0.000000, 20.979361 
3.219610, 10.189789, 0.000000, 20.981825 
3.221611, 10.177430, 0.000000, 20.984133 
3.223612, 10.165043, 0.000000, 20.986286 
3.225613, 10.152630, 0.000000, 20.988283 
3.227614, 10.140193, 0.000000, 20.990124 
3.229615, 10.127734, 0.000000, 20.991808 
3.231616, 10.115255, 0.000000, 20.993336 
3.233617, 10.102757, 0.000000, 20.994706 
3.235618, 10.090243, 0.000000, 20.995920 
3.237619, 10.077715, 0.000000, 20.996976 
3.239620, 10.065174, 0.000000, 20.997874 
3.241621, 10.052624, 0.000000, 20.998614 
3.243622, 10.040065, 0.000000, 20.999197 
3.245623, 10.027499, 0.000000, 20.999622 
3.247624, 10.014929, 0.000000, 20.999889 
3.249625, 10.002357, 0.000000, 20.999997 
3.251626, 9.989785, 0.000000, 20.999948 
3.253627, 9.977214, 0.000000, 20.999740 
3.255628, 9.964647, 0.000000, 20.999375 
3.257629, 9.952085, 0.000000, 20.998851 
3.259630, 9.939531, 0.000000, 20.998170 
3.261631, 9.926986, 0.000000, 20.997331 
3.263632, 9.914453, 0.000000, 20.996334 
3.265633, 9.901934, 0.000000, 20.995180 
3.267634, 9.889430, 0.000000, 20.993868 
3.269635, 9.876944, 0.000000, 20.992400 
3.271636, 9.864476, 0.000000, 20.990774 
3.273637, 9.852031, 0.000000, 20.988992 
3.275638, 9.839609, 0.000000, 20.987053 
3.277639, 9.827212, 0.000000, 20.984959 
3.279640, 9.814842, 0.000000, 20.982709 
3.281641, 9.802502, 0.000000, 20.980303 
3.283642, 9.790193, 0.000000, 20.977743 
3.285643, 9.777917, 0.000000, 20.975028 
3.287644, 9.765676, 0.000000, 20.972159 
3.289645, 9.753472, 0.000000, 20.969136 
3.291646, 9.741307, 0.000000, 20.965960 
3.293647, 9.729184, 0.000000, 20.962631 
3.295648, 9.717102, 0.000000, 20.959150 
3.297649, 9.705066, 0.000000, 20.955518 
3.299650, 9.693076, 0.000000, 20.951734 
3.301651, 9.681135, 0.000000, 20.947800 
3.303652, 9.669244, 0.000000, 20.943716 
3.305653, 9.657406, 0.000000, 20.939483 
3.307654, 9.645621, 0.000000, 20.935102 
3.309655, 9.633893, 0.000000, 20.930573 
3.311656, 9.622222, 0.000000, 20.925896 
3.313657, 9.610611, 0.000000, 20.921074 
3.315658, 9.599062, 0.000000, 20.916105 
3.317659, 9.587576, 0.000000, 20.910992 
3.319660, 9.576156, 0.000000, 20.905735 
3.321661, 9.564802, 0.000000, 20.900335 
3.323662, 9.553517, 0.000000, 20.894792 
3.325663, 9.542303, 0.000000, 20.889108 
3.327664, 9.531161, 0.000000, 20.883283 
3.329665, 9.520093, 0.000000, 20.877319 
3.331666, 9.509101, 0.000000, 20.871216 
3.333667, 9.498186, 0.000000, 20.864976 
3.335668, 9.487351, 0.000000, 20.858598 
3.337669, 9.476597, 0.000000, 20.852085 
3.339670, 9.465926, 0.000000, 20.845438 
3.341671, 9.455339, 0.000000, 20.838656 
3.343672, 9.444838, 0.000000, 20.831742 
3.345673, 9.434425, 0.000000, 20.824697 
3.347674, 9.424101, 0.000000, 20.817521 
3.349675, 9.413869, 0.000000, 20.810216 
3.351676, 9.403729, 0.000000, 20.802783 
3.353677, 9.393683, 0.000000, 20.795223 
3.355678, 9.383733, 0.000000, 20.787537 
3.357679, 9.373881, 0.000000, 20.779727 
3.359680, 9.364127, 0.000000, 20.771794 
3.361681, 9.354474, 0.000000, 20.763739 
3.363682, 9.344923, 0.000000, 20.755562 
3.365683, 9.335476, 0.000000, 20.747267 
3.367684, 9.326134, 0.000000, 20.738853 
3.369685, 9.316898, 0.000000, 20.730323 
3.371686, 9.307770, 0.000000, 20.721677 
3.373687, 9.298751, 0.000000, 20.712917 
3.375688, 9.289844, 0.000000, 20.704044 
3.377689, 9.281048, 0.000000, 20.695060 
3.379690, 9.272367, 0.000000, 20.685966 
3.381691, 9.263800, 0.000000, 20.676764 
3.383692, 9.255350, 0.000000, 20.667455 
3.385693, 9.247017, 0.000000, 20.658040 
3.387694, 9.238804, 0.000000, 20.648521 
3.389695, 9.230710, 0.000000, 20.638900 
3.391696, 9.222739, 0.000000, 20.629178 
3.393697, 9.214890, 0.000000, 20.619356 
3.395698, 9.207165, 0.000000, 20.609437 
3.397699, 9.199566, 0.000000, 20.599421 
3.399700, 9.192093, 0.000000, 20.589310 
3.401701, 9.184748, 0.000000, 20.579106 
3.403702, 9.177532, 0.000000, 20.568811 
3.405703, 9.170445, 0.000000, 20.558425 
3.407704, 9.163490, 0.000000, 20.547952 
3.409705, 9.156667, 0.000000, 20.537392 
3.411706, 9.149978, 0.000000, 20.526747 
3.413707, 9.143422, 0.000000, 20.516018 
3.415708, 9.137002, 0.000000, 20.505208 
3.417709, 9.130719, 0.000000, 20.494318 
3.419710, 9.124573, 0.000000, 20.483350 
3.421711, 9.118565, 0.000000, 20.472306 
3.423712, 9.112697, 0.000000, 20.461187 
3.425713, 9.106969, 0.000000, 20.449995 
3.427714, 9.101382, 0.000000, 20.438732 
3.429715, 9.095937, 0.000000, 20.427400 
3.431716, 9.090635, 0.000000, 20.416000 
3.433717, 9.085477, 0.000000, 20.404534 
3.435718, 9.080463, 0.000000, 20.393004 
3.437719, 9.075595, 0.000000, 20.381413 
3.439720, 9.070873, 0.000000, 20.369761 
3.441721, 9.066298, 0.000000, 20.358050 
3.443722, 9.061870, 0.000000, 20.346283 
3.445723, 9.057590, 0.000000, 20.334461 
3.447724, 9.053460, 0.000000, 20.322586 
3.449725, 9.049479, 0.000000, 20.310661 
3.451726, 9.045649, 0.000000, 20.298686 
3.453727, 9.041969, 0.000000, 20.286664 
3.455728, 9.038440, 0.000000, 20.274596 
3.457729, 9.035064, 0.000000, 20.262486 
3.459730, 9.031840, 0.000000, 20.250334 
3.461731, 9.028770, 0.000000, 20.238142 
3.463732, 9.025852, 0.000000, 20.225912 
3.465733, 9.023089, 0.000000, 20.213647 
3.467734, 9.020480, 0.000000, 20.201348 
3.469735, 9.018026, 0.000000, 20.189017 
3.471736, 9.015727, 0.000000, 20.176657 
3.473737, 9.013584, 0.000000, 20.164268 
3.475738, 9.011597, 0.000000, 20.151854 
3.477739, 9.009766, 0.000000, 20.139415 
3.479740, 9.008091, 0.000000, 20.126955 
3.481741, 9.006574, 0.000000, 20.114474 
3.483742, 9.005213, 0.000000, 20.101975 
3.485743, 9.004010, 0.000000, 20.089460 
3.487744, 9.002964, 0.000000, 20.076931 
3.489745, 9.002075, 0.000000, 20.064390 
3.491746, 9.001345, 0.000000, 20.051839 
3.493747, 9.000772, 0.000000, 20.039279 
3.495748, 9.000357, 0.000000, 20.026714 
3.497749, 9.000100, 0.000000, 20.014144 
3.499750, 9.000001, 0.000000, 20.001572 
3.501751, 9.000061, 0.000000, 19.988999 
3.503752, 9.000278, 0.000000, 19.976428 
3.505753, 9.000653, 0.000000, 19.963861 
3.507754, 9.001187, 0.000000, 19.951300 
3.509755, 9.001878, 0.000000, 19.938747 
3.511756, 9.002727, 0.000000, 19.926203 
3.513757, 9.003733, 0.000000, 19.913671 
3.515758, 9.004897, 0.000000, 19.901152 
3.517759, 9.006219, 0.000000, 19.888649 
3.519760, 9.007697, 0.000000, 19.876164 
3.521761, 9.009333, 0.000000, 19.863698 
3.523762, 9.011125, 0.000000, 19.851254 
3.525763, 9.013073, 0.000000, 19.838833 
3.527764, 9.015177, 0.000000, 19.826438 
3.529765, 9.017437, 0.000000, 19.814070 
3.531766, 9.019852, 0.000000, 19.801732 
3.533767, 9.022422, 0.000000, 19.789425 
3.535768, 9.025147, 0.000000, 19.777151 
3.537769, 9.028026, 0.000000, 19.764912 
3.539770, 9.031058, 0.000000, 19.752711 
3.541771, 9.034244, 0.000000, 19.740548 
3.543772, 9.037582, 0.000000, 19.728427 
3.545773, 9.041072, 0.000000, 19.716349 
3.547774, 9.044714, 0.000000, 19.704315 
3.549775, 9.048507, 0.000000, 19.692329 
3.551776, 9.052451, 0.000000, 19.680390 
3.553777, 9.056544, 0.000000, 19.668503 
3.555778, 9.060786, 0.000000, 19.656667 
3.557779, 9.065177, 0.000000, 19.644887 
3.559780, 9.069715, 0.000000, 19.633162 
3.561781, 9.074401, 0.000000, 19.621495 
3.563782, 9.079233, 0.000000, 19.609888 
3.565783, 9.084210, 0.000000, 19.598342 
3.567784, 9.089332, 0.000000, 19.586861 
3.569785, 9.094598, 0.000000, 19.575444 
3.571786, 9.100008, 0.000000, 19.564095 
3.573787, 9.105559, 0.000000, 19.552814 
3.575788, 9.111252, 0.000000, 19.541604 
3.577789, 9.117085, 0.000000, 19.530467 
3.579790, 9.123058, 0.000000, 19.519404 
3.581791, 9.129170, 0.000000, 19.508416 
3.583792, 9.135419, 0.000000, 19.497507 
3.585793, 9.141805, 0.000000, 19.486677 
3.587794, 9.148326, 0.000000, 19.475928 
3.589795, 9.154982, 0.000000, 19.465262 
3.591796, 9.161772, 0.000000, 19.454680 
3.593797, 9.168694, 0.000000, 19.444185 
3.595798, 9.175748, 0.000000, 19.433777 
3.597799, 9.182932, 0.000000, 19.423459 
3.599800, 9.190245, 0.000000, 19.413232 
3.601801, 9.197686, 0.000000, 19.403098 
3.603802, 9.205254, 0.000000, 19.393058 
3.605803, 9.212947, 0.000000, 19.383115 
3.607804, 9.220765, 0.000000, 19.373268 
3.609805, 9.228706, 0.000000, 19.363521 
3.611806, 9.236769, 0.000000, 19.353874 
3.613807, 9.244953, 0.000000, 19.344330 
3.615808, 9.253256, 0.000000, 19.334889 
3.617809, 9.261677, 0.000000, 19.325553 
3.619810, 9.270214, 0.000000, 19.316324 
3.621811, 9.278867, 0.000000, 19.307203 
3.623812, 9.287634, 0.000000, 19.298191 
3.625813, 9.296514, 0.000000, 19.289291 
3.627814, 9.305505, 0.000000, 19.280503 
3.629815, 9.314606, 0.000000, 19.271828 
3.631816, 9.323815, 0.000000, 19.263269 
3.633817, 9.333130, 0.000000, 19.254826 
3.635818, 9.342552, 0.000000, 19.246500 
3.637819, 9.352077, 0.000000, 19.238294 
3.639820, 9.361705, 0.000000, 19.230209 
3.641821, 9.371433, 0.000000, 19.222245 
3.643822, 9.381261, 0.000000, 19.214403 
3.645823, 9.391187, 0.000000, 19.206687 
3.647824, 9.401209, 0.000000, 19.199095 
3.649825, 9.411325, 0.000000, 19.191630 
3.651826, 9.421535, 0.000000, 19.184293 
3.653827, 9.431836, 0.000000, 19.177085 
3.655828, 9.442227, 0.000000, 19.170007 
3.657829, 9.452706, 0.000000, 19.163060 
3.659830, 9.463271, 0.000000, 19.156245 
3.661831, 9.473922, 0.000000, 19.149564 
3.663832, 9.484655, 0.000000, 19.143017 
3.665833, 9.495470, 0.000000, 19.136606 
3.667834, 9.506365, 0.000000, 19.130331 
3.669835, 9.517338, 0.000000, 19.124193 
3.671836, 9.528387, 0.000000, 19.118195 
3.673837, 9.539510, 0.000000, 19.112335 
3.675838, 9.550707, 0.000000, 19.106616 
3.677839, 9.561974, 0.000000, 19.101038 
3.679840, 9.573311, 0.000000, 19.095602 
3.681841, 9.584715, 0.000000, 19.090309 
3.683842, 9.596185, 0.000000, 19.085159 
3.685843, 9.607718, 0.000000, 19.080155 
3.687844, 9.619314, 0.000000, 19.075296 
3.689845, 9.630970, 0.000000, 19.070583 
3.691846, 9.642684, 0.000000, 19.066017 
3.693847, 9.654454, 0.000000, 19.061598 
3.695848, 9.666280, 0.000000, 19.057328 
3.697849, 9.678158, 0.000000, 19.053207 
3.699850, 9.690086, 0.000000, 19.049235 
3.701851, 9.702064, 0.000000, 19.045414 
3.703852, 9.714089, 0.000000, 19.041744 
3.705853, 9.726159, 0.000000, 19.038225 
3.707854, 9.738273, 0.000000, 19.034858 
3.709855, 9.750427, 0.000000, 19.031644 
3.711856, 9.762622, 0.000000, 19.028583 
3.713857, 9.774853, 0.000000, 19.025675 
3.715858, 9.787121, 0.000000, 19.022922 
3.717859, 9.799422, 0.000000, 19.020322 
3.719860, 9.811754, 0.000000, 19.017878 
3.721861, 9.824117, 0.000000, 19.015589 
3.723862, 9.836507, 0.000000, 19.013456 
3.725863, 9.848923, 0.000000, 19.011478 
3.727864, 9.861363, 0.000000, 19.009657 
3.729865, 9.873825, 0.000000, 19.007992 
3.731866, 9.886307, 0.000000, 19.006484 
3.733867, 9.898806, 0.000000, 19.005133 
3.735868, 9.911322, 0.000000, 19.003940 
3.737869, 9.923852, 0.000000, 19.002903 
3.739870, 9.936394, 0.000000, 19.002025 
3.741871, 9.948946, 0.000000, 19.001304 
3.743872, 9.961506, 0.000000, 19.000741 
3.745873, 9.974072, 0.000000, 19.000336 
3.747874, 9.986642, 0.000000, 19.000089 
3.749875, 9.999214, 0.000000, 19.000000 
3.751876, 10.011787, 0.000000, 19.000069 
3.753877, 10.024357, 0.000000, 19.000297 
3.755878, 10.036924, 0.000000, 19.000682 
3.757879, 10.049485, 0.000000, 19.001225 
3.759880, 10.062038, 0.000000, 19.001926 
3.761881, 10.074581, 0.000000, 19.002785 
3.763882, 10.087112, 0.000000, 19.003801 
3.765883, 10.099630, 0.000000, 19.004975 
3.767884, 10.112132, 0.000000, 19.006307 
3.769885, 10.124616, 0.000000, 19.007795 
3.771886, 10.137080, 0.000000, 19.009440 
3.773887, 10.149523, 0.000000, 19.011242 
3.775888, 10.161942, 0.000000, 19.013200 
3.777889, 10.174336, 0.000000, 19.015314 
3.779890, 10.186702, 0.000000, 19.017583 
3.781891, 10.199039, 0.000000, 19.020008 
3.783892, 10.211344, 0.000000, 19.022588 
3.785893, 10.223615, 0.000000, 19.025322 
3.787894, 10.235851, 0.000000, 19.028211 
3.789895, 10.248051, 0.000000, 19.031253 
3.791896, 10.260210, 0.000000, 19.034448 
3.793897, 10.272329, 0.000000, 19.037796 
3.795898, 10.284405, 0.000000, 19.041296 
3.797899, 10.296435, 0.000000, 19.044947 
3.799900, 10.308419, 0.000000, 19.048749 
3.801901, 10.320354, 0.000000, 19.052702 
3.803902, 10.332239, 0.000000, 19.056805 
3.805903, 10.344070, 0.000000, 19.061056 
3.807904, 10.355848, 0.000000, 19.065456 
3.809905, 10.367569, 0.000000, 19.070004 
3.811906, 10.379232, 0.000000, 19.074699 
3.813907, 10.390836, 0.000000, 19.079540 
3.815908, 10.402377, 0.000000, 19.084526 
3.817909, 10.413855, 0.000000, 19.089657 
3.819910, 10.425267, 0.000000, 19.094932 
3.821911, 10.436612, 0.000000, 19.100350 
3.823912, 10.447889, 0.000000, 19.105911 
3.825913, 10.459094, 0.000000, 19.111612 
3.827914, 10.470227, 0.000000, 19.117454 
3.829915, 10.481285, 0.000000, 19.123436 
3.831916, 10.492268, 0.000000, 19.129556 
3.833917, 10.503172, 0.000000, 19.135814 
3.835918, 10.513997, 0.000000, 19.142208 
3.837919, 10.524741, 0.000000, 19.148738 
3.839920, 10.535402, 0.000000, 19.155403 
3.841921, 10.545978, 0.000000, 19.162201 
3.843922, 10.556468, 0.000000, 19.169131 
3.845923, 10.566870, 0.000000, 19.176193 
3.847924, 10.577183, 0.000000, 19.183385 
3.849925, 10.587404, 0.000000, 19.190706 
3.851926, 10.597532, 0.000000, 19.198155 
3.853927, 10.607566, 0.000000, 19.205731 
3.855928, 10.617504, 0.000000, 19.213432 
3.857929, 10.627344, 0.000000, 19.221258 
3.859930, 10.637085, 0.000000, 19.229206 
3.861931, 10.646725, 0.000000, 19.237277 
3.863932, 10.656263, 0.000000, 19.245468 
3.865933, 10.665698, 0.000000, 19.253778 
3.867934, 10.675027, 0.000000, 19.262207 
3.869935, 10.684249, 0.000000, 19.270752 
3.871936, 10.693363, 0.000000, 19.279412 
3.873937, 10.702368, 0.000000, 19.288186 
3.875938, 10.711262, 0.000000, 19.297073 
3.877939, 10.720043, 0.000000, 19.306071 
3.879940, 10.728710, 0.000000, 19.315178 
3.881941, 10.737263, 0.000000, 19.324394 
3.883942, 10.745698, 0.000000, 19.333716 
3.885943, 10.754016, 0.000000, 19.343144 
3.887944, 10.762215, 0.000000, 19.352676 
3.889945, 10.770293, 0.000000, 19.362310 
3.891946, 10.778249, 0.000000, 19.372044 
3.893947, 10.786083, 0.000000, 19.381878 
3.895948, 10.793792, 0.000000, 19.391810 
3.897949, 10.801375, 0.000000, 19.401838 
3.899950, 10.808832, 0.000000, 19.411960 
3.901951, 10.816161, 0.000000, 19.422176 
3.903952, 10.823361, 0.000000, 19.432483 
3.905953, 10.830431, 0.000000, 19.442879 
3.907954, 10.837370, 0.000000, 19.453363 
3.909955, 10.844176, 0.000000, 19.463934 
3.911956, 10.850849, 0.000000, 19.474590 
3.913957, 10.857388, 0.000000, 19.485329 
3.915958, 10.863790, 0.000000, 19.496149 
3.917959, 10.870057, 0.000000, 19.507048 
3.919960, 10.876186, 0.000000, 19.518026 
3.921961, 10.882176, 0.000000, 19.529080 
3.923962, 10.888027, 0.000000, 19.540208 
3.925963, 10.893737, 0.000000, 19.551409 
3.927964, 10.899306, 0.000000, 19.562681 
3.929965, 10.904733, 0.000000, 19.574022 
3.931966, 10.910017, 0.000000, 19.585430 
3.933967, 10.915158, 0.000000, 19.596904 
3.935968, 10.920153, 0.000000, 19.608441 
3.937969, 10.925003, 0.000000, 19.620041 
3.939970, 10.929707, 0.000000, 19.631700 
3.941971, 10.934264, 0.000000, 19.643418 
3.943972, 10.938673, 0.000000, 19.655192 
3.945973, 10.942934, 0.000000, 19.667020 
3.947974, 10.947046, 0.000000, 19.678902 
3.949975, 10.951008, 0.000000, 19.690834 
3.951976, 10.954820, 0.000000, 19.702814 
3.953977, 10.958481, 0.000000, 19.714842 
3.955978, 10.961990, 0.000000, 19.726915 
3.957979, 10.965347, 0.000000, 19.739031 
3.959980, 10.968552, 0.000000, 19.751188 
3.961981, 10.971603, 0.000000, 19.763385 
3.963982, 10.974501, 0.000000, 19.775619 
3.965983, 10.977245, 0.000000, 19.787888 
3.967984, 10.979835, 0.000000, 19.800191 
3.969985, 10.982270, 0.000000, 19.812526 
3.971986, 10.984549, 0.000000, 19.824890 
3.973987, 10.986673, 0.000000, 19.837282 
3.975988, 10.988640, 0.000000, 19.849700 
3.977989, 10.990452, 0.000000, 19.862141 
3.979990, 10.992107, 0.000000, 19.874604 
3.981991, 10.993605, 0.000000, 19.887087 
3.983992, 10.994946, 0.000000, 19.899588 
3.985993, 10.996130, 0.000000, 19.912105 
3.987994, 10.997156, 0.000000, 19.924636 
3.989995, 10.998025, 0.000000, 19.937178 
3.991996, 10.998736, 0.000000, 19.949731 
3.993997, 10.999289, 0.000000, 19.962291 
3.995998, 10.999684, 0.000000, 19.974857 
3.997999, 10.999921, 0.000000, 19.987428 
4.000000, 11.000000, 0.000000, 20.000000 
