0.000000, 1.000000, 0.000000, 0.000000 
0.002001, 0.999921, 0.000000, 0.012572 
0.004002, 0.999684, 0.000000, 0.025143 
0.006003, 0.999289, 0.000000, 0.037709 
0.008004, 0.998736, 0.000000, 0.050269 
0.010005, 0.998025, 0.000000, 0.062822 
0.012006, 0.997156, 0.000000, 0.075364 
0.014007, 0.996130, 0.000000, 0.087895 
0.016008, 0.994946, 0.000000, 0.100412 
0.018009, 0.993605, 0.000000, 0.112913 
0.020010, 0.992107, 0.000000, 0.125396 
0.022011, 0.990452, 0.000000, 0.137859 
0.024012, 0.988640, 0.000000, 0.150300 
0.026013, 0.986673, 0.000000, 0.162718 
0.028014, 0.984549, 0.000000, 0.175110 
0.030015, 0.982270, 0.000000, 0.187474 
0.032016, 0.979835, 0.000000, 0.199809 
0.034017, 0.977245, 0.000000, 0.212112 
0.036018, 0.974501, 0.000000, 0.224381 
0.038019, 0.971603, 0.000000, 0.236615 
0.040020, 0.968552, 0.000000, 0.248812 
0.042021, 0.965347, 0.000000, 0.260969 
0.044022, 0.961990, 0.000000, 0.273085 
0.046023, 0.958481, 0.000000, 0.285158 
0.048024, 0.954820, 0.000000, 0.297186 
0.050025, 0.951008, 0.000000, 0.309166 
0.052026, 0.947046, 0.000000, 0.321098 
0.054027, 0.942934, 0.000000, 0.332980 
0.056028, 0.938673, 0.000000, 0.344808 
0.058029, 0.934264, 0.000000, 0.356582 
0.060030, 0.929707, 0.000000, 0.368300 
0.062031, 0.925003, 0.000000, 0.379959 
0.064032, 0.920153, 0.000000, 0.391559 
0.066033, 0.915158, 0.000000, 0.403096 
0.068034, 0.910017, 0.000000, 0.414570 
0.070035, 0.904733, 0.000000, 0.425978 
0.072036, 0.899306, 0.000000, 0.437319 
0.074037, 0.893737, 0.000000, 0.448591 
0.076038, 0.888027, 0.000000, 0.459792 
0.078039, 0.882176, 0.000000, 0.470920 
0.080040, 0.876186, 0.000000, 0.481974 
0.082041, 0.870057, 0.000000, 0.492952 
0.084042, 0.863790, 0.000000, 0.503851 
0.086043, 0.857388, 0.000000, 0.514671 
0.088044, 0.850849, 0.000000, 0.525410 
0.090045, 0.844176, 0.000000, 0.536066 
0.092046, 0.837370, 0.000000, 0.546637 
0.094047, 0.830431, 0.000000, 0.557121 
0.096048, 0.823361, 0.000000, 0.567517 
0.098049, 0.816161, 0.000000, 0.577824 
0.100050, 0.808832, 0.000000, 0.588040 
0.102051, 0.801375, 0.000000, 0.598162 
0.104052, 0.793792, 0.000000, 0.608190 
0.106053, 0.786083, 0.000000, 0.618122 
0.108054, 0.778249, 0.000000, 0.627956 
0.110055, 0.770293, 0.000000, 0.637690 
0.112056, 0.762215, 0.000000, 0.647324 
0.114057, 0.754016, 0.000000, 0.656856 
0.116058, 0.745698, 0.000000, 0.666284 
0.118059, 0.737263, 0.000000, 0.675606 
0.120060, 0.728710, 0.000000, 0.684822 
0.122061, 0.720043, 0.000000, 0.693929 
0.124062, 0.711262, 0.000000, 0.702927 
0.126063, 0.702368, 0.000000, 0.711814 
0.128064, 0.693363, 0.000000, 0.720588 
0.130065, 0.684249, 0.000000, 0.729248 
0.132066, 0.675027, 0.000000, 0.737793 
0.134067, 0.665698, 0.000000, 0.746222 
0.136068, 0.656263, 0.000000, 0.754532 
0.138069, 0.646725, 0.000000, 0.762723 
0.140070, 0.637085, 0.000000, 0.770794 
0.142071, 0.627344, 0.000000, 0.778742 
0.144072, 0.617504, 0.000000, 0.786568 
0.146073, 0.607566, 0.000000, 0.794269 
0.148074, 0.597532, 0.000000, 0.801845 
0.150075, 0.587404, 0.000000, 0.809294 
0.152076, 0.577183, 0.000000, 0.816615 
0.154077, 0.566870, 0.000000, 0.823807 
0.156078, 0.556468, 0.000000, 0.830869 
0.158079, 0.545978, 0.000000, 0.837799 
0.160080, 0.535402, 0.000000, 0.844597 
0.162081, 0.524741, 0.000000, 0.851262 
0.164082, 0.513997, 0.000000, 0.857792 
0.166083, 0.503172, 0.000000, 0.864186 
0.168084, 0.492268, 0.000000, 0.870444 
0.170085, 0.481285, 0.000000, 0.876564 
0.172086, 0.470227, 0.000000, 0.882546 
0.174087, 0.459094, 0.000000, 0.888388 
0.176088, 0.447889, 0.000000, 0.894089 
0.178089, 0.436612, 0.000000, 0.899650 
0.180090, 0.425267, 0.000000, 0.905068 
0.182091, 0.413855, 0.000000, 0.910343 
0.184092, 0.402377, 0.000000, 0.915474 
0.186093, 0.390836, 0.000000, 0.920460 
0.188094, 0.379232, 0.000000, 0.925301 
0.190095, 0.367569, 0.000000, 0.929996 
0.192096, 0.355848, 0.000000, 0.934544 
0.194097, 0.344070, 0.000000, 0.938944 
0.196098, 0.332239, 0.000000, 0.943195 
0.198099, 0.320354, 0.000000, 0.947298 
0.200100, 0.308419, 0.000000, 0.951251 
0.202101, 0.296435, 0.000000, 0.955053 
0.204102, 0.284405, 0.000000, 0.958704 
0.206103, 0.272329, 0.000000, 0.962204 
0.208104, 0.260210, 0.000000, 0.965552 
0.210105, 0.248051, 0.000000, 0.968747 
0.212106, 0.235851, 0.000000, 0.971789 
0.214107, 0.223615, 0.000000, 0.974678 
0.216108, 0.211344, 0.000000, 0.977412 
0.218109, 0.199039, 0.000000, 0.979992 
0.220110, 0.186702, 0.000000, 0.982417 
0.222111, 0.174336, 0.000000, 0.984686 
0.224112, 0.161942, 0.000000, 0.986800 
0.226113, 0.149523, 0.000000, 0.988758 
0.228114, 0.137080, 0.000000, 0.990560 
0.230115, 0.124616, 0.000000, 0.992205 
0.232116, 0.112132, 0.000000, 0.993693 
0.234117, 0.099630, 0.000000, 0.995025 
0.236118, 0.087112, 0.000000, 0.996199 
0.238119, 0.074581, 0.000000, 0.997215 
0.240120, 0.062038, 0.000000, 0.998074 
0.242121, 0.049485, 0.000000, 0.998775 
0.244122, 0.036924, 0.000000, 0.999318 
0.246123, 0.024357, 0.000000, 0.999703 
0.248124, 0.011787, 0.000000, 0.999931 
0.250125, -0.000786, 0.000000, 1.000000 
0.252126, -0.013358, 0.000000, 0.999911 
0.254127, -0.025928, 0.000000, 0.999664 
0.256128, -0.038494, 0.000000, 0.999259 
0.258129, -0.051054, 0.000000, 0.998696 
0.260130, -0.063606, 0.000000, 0.997975 
0.262131, -0.076148, 0.000000, 0.997097 
0.264132, -0.088678, 0.000000, 0.996060 
0.266133, -0.101194, 0.000000, 0.994867 
0.268134, -0.113693, 0.000000, 0.993516 
0.270135, -0.126175, 0.000000, 0.992008 
0.272136, -0.138637, 0.000000, 0.990343 
0.274137, -0.151077, 0.000000, 0.988522 
0.276138, -0.163493, 0.000000, 0.986544 
0.278139, -0.175883, 0.000000, 0.984411 
0.280140, -0.188246, 0.000000, 0.982122 
0.282141, -0.200578, 0.000000, 0.979678 
0.284142, -0.212879, 0.000000, 0.977078 
0.286143, -0.225147, 0.000000, 0.974325 
0.288144, -0.237378, 0.000000, 0.971417 
0.290145, -0.249573, 0.000000, 0.968356 
0.292146, -0.261727, 0.000000, 0.965142 
0.294147, -0.273841, 0.000000, 0.961775 
0.296148, -0.285911, 0.000000, 0.958256 
0.298149, -0.297936, 0.000000, 0.954586 
0.300150, -0.309914, 0.000000, 0.950765 
0.302151, -0.321842, 0.000000, 0.946793 
0.304152, -0.333720, 0.000000, 0.942672 
0.306153, -0.345546, 0.000000, 0.938402 
0.308154, -0.357316, 0.000000, 0.933983 
0.310155, -0.369030, 0.000000, 0.929417 
0.312156, -0.380686, 0.000000, 0.924704 
0.314157, -0.392282, 0.000000, 0.919845 
0.316158, -0.403815, 0.000000, 0.914841 
0.318159, -0.415285, 0.000000, 0.909691 
0.320160, -0.426689, 0.000000, 0.904398 
0.322161, -0.438026, 0.000000, 0.898962 
0.324162, -0.449293, 0.000000, 0.893384 
0.326163, -0.460490, 0.000000, 0.887665 
0.328164, -0.471613, 0.000000, 0.881805 
0.330165, -0.482662, 0.000000, 0.875807 
0.332166, -0.493635, 0.000000, 0.869669 
0.334167, -0.504530, 0.000000, 0.863394 
0.336168, -0.515345, 0.000000, 0.856983 
0.338169, -0.526078, 0.000000, 0.850436 
0.340170, -0.536729, 0.000000, 0.843755 
0.342171, -0.547294, 0.000000, 0.836940 
0.344172, -0.557773, 0.000000, 0.829993 
0.346173, -0.568164, 0.000000, 0.822915 
0.348174, -0.578465, 0.000000, 0.815707 
0.350175, -0.588675, 0.000000, 0.808370 
0.352176, -0.598791, 0.000000, 0.800905 
0.354177, -0.608813, 0.000000, 0.793313 
0.356178, -0.618739, 0.000000, 0.785597 
0.358179, -0.628567, 0.000000, 0.777755 
0.360180, -0.638295, 0.000000, 0.769791 
0.362181, -0.647923, 0.000000, 0.761706 
0.364182, -0.657448, 0.000000, 0.753500 
0.366183, -0.666870, 0.000000, 0.745174 
0.368184, -0.676185, 0.000000, 0.736731 
0.370185, -0.685394, 0.000000, 0.728172 
0.372186, -0.694495, 0.000000, 0.719497 
0.374187, -0.703486, 0.000000, 0.710709 
0.376188, -0.712366, 0.000000, 0.701809 
0.378189, -0.721133, 0.000000, 0.692797 
0.380190, -0.729786, 0.000000, 0.683676 
0.382191, -0.738323, 0.000000, 0.674447 
0.384192, -0.746744, 0.000000, 0.665111 
0.386193, -0.755047, 0.000000, 0.655670 
0.388194, -0.763231, 0.000000, 0.646126 
0.390195, -0.771294, 0.000000, 0.636479 
0.392196, -0.779235, 0.000000, 0.626732 
0.394197, -0.787053, 0.000000, 0.616885 
0.396198, -0.794746, 0.000000, 0.606942 
0.398199, -0.802314, 0.000000, 0.596902 
0.400200, -0.809755, 0.000000, 0.586768 
0.402201, -0.817068, 0.000000, 0.576541 
0.404202, -0.824252, 0.000000, 0.566223 
0.406203, -0.831306, 0.000000, 0.555815 
0.408204, -0.838228, 0.000000, 0.545320 
0.410205, -0.845018, 0.000000, 0.534738 
0.412206, -0.851674, 0.000000, 0.524072 
0.414207, -0.858195, 0.000000, 0.513323 
0.416208, -0.864581, 0.000000, 0.502493 
0.418209, -0.870830, 0.000000, 0.491584 
0.420210, -0.876942, 0.000000, 0.480596 
0.422211, -0.882915, 0.000000, 0.469533 
0.424212, -0.888748, 0.000000, 0.458396 
0.426213, -0.894441, 0.000000, 0.447186 
0.428214, -0.899992, 0.000000, 0.435905 
0.430215, -0.905402, 0.000000, 0.424556 
0.432216, -0.910668, 0.000000, 0.413139 
0.434217, -0.915790, 0.000000, 0.401658 
0.436218, -0.920767, 0.000000, 0.390112 
0.438219, -0.925599, 0.000000, 0.378505 
0.440220, -0.930285, 0.000000, 0.366838 
0.442221, -0.934823, 0.000000, 0.355113 
0.444222, -0.939214, 0.000000, 0.343333 
0.446223, -0.943456, 0.000000, 0.331497 
0.448224, -0.947549, 0.000000, 0.319610 
0.450225, -0.951493, 0.000000, 0.307671 
0.452226, -0.955286, 0.000000, 0.295685 
0.454227, -0.958928, 0.000000, 0.283651 
0.456228, -0.962418, 0.000000, 0.271573 
0.458229, -0.965756, 0.000000, 0.259452 
0.460230, -0.968942, 0.000000, 0.247289 
0.462231, -0.971974, 0.000000, 0.235088 
0.464232, -0.974853, 0.000000, 0.222849 
0.466233, -0.977578, 0.000000, 0.210575 
0.468234, -0.980148, 0.000000, 0.198268 
0.470235, -0.982563, 0.000000, 0.185930 
0.472236, -0.984823, 0.000000, 0.173562 
0.474237, -0.986927, 0.000000, 0.161167 
0.476238, -0.988875, 0.000000, 0.148746 
0.478239, -0.990667, 0.000000, 0.136302 
0.480240, -0.992303, 0.000000, 0.123836 
0.482241, -0.993781, 0.000000, 0.111351 
0.484242, -0.995103, 0.000000, 0.098848 
0.486243, -0.996267, 0.000000, 0.086329 
0.488244, -0.997273, 0.000000, 0.073797 
0.490245, -0.998122, 0.000000, 0.061253 
0.492246, -0.998813, 0.000000, 0.048700 
0.494247, -0.999347, 0.000000, 0.036139 
0.496248, -0.999722, 0.000000, 0.023572 
0.498249, -0.999939, 0.000000, 0.011001 
0.500250, -0.999999, 0.000000, -0.001572 
0.502251, -0.999900, 0.000000, -0.014144 
0.504252, -0.999643, 0.000000, -0.026714 
0.506253, -0.999228, 0.000000, -0.039279 
0.508254, -0.998655, 0.000000, -0.051839 
0.510255, -0.997925, 0.000000, -0.064390 
0.512256, -0.997036, 0.000000, -0.076931 
0.514257, -0.995990, 0.000000, -0.089460 
0.516258, -0.994787, 0.000000, -0.101975 
0.518259, -0.993426, 0.000000, -0.114474 
0.520260, -0.991909, 0.000000, -0.126955 
0.522261, -0.990234, 0.000000, -0.139415 
0.524262, -0.988403, 0.000000, -0.151854 
0.526263, -0.986416, 0.000000, -0.164268 
0.528264, -0.984273, 0.000000, -0.176657 
0.530265, -0.981974, 0.000000, -0.189017 
0.532266, -0.979520, 0.000000, -0.201348 
0.534267, -0.976911, 0.000000, -0.213647 
0.536268, -0.974148, 0.000000, -0.225912 
0.538269, -0.971230, 0.000000, -0.238142 
0.540270, -0.968160, 0.000000, -0.250334 
0.542271, -0.964936, 0.000000, -0.262486 
0.544272, -0.961560, 0.000000, -0.274596 
0.546273, -0.958031, 0.000000, -0.286664 
0.548274, -0.954351, 0.000000, -0.298686 
0.550275, -0.950521, 0.000000, -0.310661 
0.552276, -0.946540, 0.000000, -0.322586 
0.554277, -0.942410, 0.000000, -0.334461 
0.556278, -0.938130, 0.000000, -0.346283 
0.558279, -0.933702, 0.000000, -0.358050 
0.560280, -0.929127, 0.000000, -0.369761 
0.562281, -0.924405, 0.000000, -0.381413 
0.564282, -0.919537, 0.000000, -0.393004 
0.566283, -0.914523, 0.000000, -0.404534 
0.568284, -0.909365, 0.000000, -0.416000 
0.570285, -0.904063, 0.000000, -0.427400 
0.572286, -0.898618, 0.000000, -0.438732 
0.574287, -0.893031, 0.000000, -0.449995 
0.576288, -0.887303, 0.000000, -0.461187 
0.578289, -0.881435, 0.000000, -0.472306 
0.580290, -0.875427, 0.000000, -0.483350 
0.582291, -0.869281, 0.000000, -0.494318 
0.584292, -0.862998, 0.000000, -0.505208 
0.586293, -0.856578, 0.000000, -0.516018 
0.588294, -0.850022, 0.000000, -0.526747 
0.590295, -0.843333, 0.000000, -0.537392 
0.592296, -0.836510, 0.000000, -0.547952 
0.594297, -0.829555, 0.000000, -0.558425 
0.596298, -0.822468, 0.000000, -0.568811 
0.598299, -0.815252, 0.000000, -0.579106 
0.600300, -0.807907, 0.000000, -0.589310 
0.602301, -0.800434, 0.000000, -0.599421 
0.604302, -0.792835, 0.000000, -0.609437 
0.606303, -0.785110, 0.000000, -0.619356 
0.608304, -0.777261, 0.000000, -0.629178 
0.610305, -0.769290, 0.000000, -0.638900 
0.612306, -0.761196, 0.000000, -0.648521 
0.614307, -0.752983, 0.000000, -0.658040 
0.616308, -0.744650, 0.000000, -0.667455 
0.618309, -0.736200, 0.000000, -0.676764 
0.620310, -0.727633, 0.000000, -0.685966 
0.622311, -0.718952, 0.000000, -0.695060 
0.624312, -0.710156, 0.000000, -0.704044 
0.626313, -0.701249, 0.000000, -0.712917 
0.628314, -0.692230, 0.000000, -0.721677 
0.630315, -0.683102, 0.000000, -0.730323 
0.632316, -0.673866, 0.000000, -0.738853 
0.634317, -0.664524, 0.000000, -0.747267 
0.636318, -0.655077, 0.000000, -0.755562 
0.638319, -0.645526, 0.000000, -0.763739 
0.640320, -0.635873, 0.000000, -0.771794 
0.642321, -0.626119, 0.000000, -0.779727 
0.644322, -0.616267, 0.000000, -0.787537 
0.646323, -0.606317, 0.000000, -0.795223 
0.648324, -0.596271, 0.000000, -0.802783 
0.650325, -0.586131, 0.000000, -0.810216 
0.652326, -0.575899, 0.000000, -0.817521 
0.654327, -0.565575, 0.000000, -0.824697 
0.656328, -0.555162, 0.000000, -0.831742 
0.658329, -0.544661, 0.000000, -0.838656 
0.660330, -0.534074, 0.000000, -0.845438 
0.662331, -0.523403, 0.000000, -0.852085 
0.664332, -0.512649, 0.000000, -0.858598 
0.666333, -0.501814, 0.000000, -0.864976 
0.668334, -0.490899, 0.000000, -0.871216 
0.670335, -0.479907, 0.000000, -0.877319 
0.672336, -0.468839, 0.000000, -0.883283 
0.674337, -0.457697, 0.000000, -0.889108 
0.676338, -0.446483, 0.000000, -0.894792 
0.678339, -0.435198, 0.000000, -0.900335 
0.680340, -0.423844, 0.000000, -0.905735 
0.682341, -0.412424, 0.000000, -0.910992 
0.684342, -0.400938, 0.000000, -0.916105 
0.686343, -0.389389, 0.000000, -0.921074 
0.688344, -0.377778, 0.000000, -0.925896 
0.690345, -0.366107, 0.000000, -0.930573 
0.692346, -0.354379, 0.000000, -0.935102 
0.694347, -0.342594, 0.000000, -0.939483 
0.696348, -0.330756, 0.000000, -0.943716 
0.698349, -0.318865, 0.000000, -0.947800 
0.700350, -0.306924, 0.000000, -0.951734 
0.702351, -0.294934, 0.000000, -0.955518 
0.704352, -0.282898, 0.000000, -0.959150 
0.706353, -0.270816, 0.000000, -0.962631 
0.708354, -0.258693, 0.000000, -0.965960 
0.710355, -0.246528, 0.000000, -0.969136 
0.712356, -0.234324, 0.000000, -0.972159 
0.714357, -0.222083, 0.000000, -0.975028 
0.716358, -0.209807, 0.000000, -0.977743 
0.718359, -0.197498, 0.000000, -0.980303 
0.720360, -0.185158, 0.000000, -0.982709 
0.722361, -0.172788, 0.000000, -0.984959 
0.724362, -0.160391, 0.000000, -0.987053 
0.726363, -0.147969, 0.000000, -0.988992 
0.728364, -0.135524, 0.000000, -0.990774 
0.730365, -0.123056, 0.000000, -0.992400 
0.732366, -0.110570, 0.000000, -0.993868 
0.734367, -0.098066, 0.000000, -0.995180 
0.736368, -0.085547, 0.000000, -0.996334 
0.738369, -0.073014, 0.000000, -0.997331 
0.740370, -0.060469, 0.000000, -0.998170 
0.742371, -0.047915, 0.000000, -0.998851 
0.744372, -0.035353, 0.000000, -0.999375 
0.746373, -0.022786, 0.000000, -0.999740 
0.748374, -0.010215, 0.000000, -0.999948 
0.750375, 0.002357, 0.000000, -0.999997 
0.752376, 0.014929, 0.000000, -0.999889 
0.754377, 0.027499, 0.000000, -0.999622 
0.756378, 0.040065, 0.000000, -0.999197 
0.758379, 0.052624, 0.000000, -0.998614 
0.760380, 0.065174, 0.000000, -0.997874 
0.762381, 0.077715, 0.000000, -0.996976 
0.764382, 0.090243, 0.000000, -0.995920 
0.766383, 0.102757, 0.000000, -0.994706 
0.768384, 0.115255, 0.000000, -0.993336 
0.770385, 0.127734, 0.000000, -0.991808 
0.772386, 0.140193, 0.000000, -0.990124 
0.774387, 0.152630, 0.000000, -0.988283 
0.776388, 0.165043, 0.000000, -0.986286 
0.778389, 0.177430, 0.000000, -0.984133 
0.780390, 0.189789, 0.000000, -0.981825 
0.782391, 0.202118, 0.000000, -0.979361 
0.784392, 0.214415, 0.000000, -0.976743 
0.786393, 0.226678, 0.000000, -0.973970 
0.788394, 0.238905, 0.000000, -0.971043 
0.790395, 0.251094, 0.000000, -0.967963 
0.792396, 0.263244, 0.000000, -0.964729 
0.794397, 0.275352, 0.000000, -0.961343 
0.796398, 0.287417, 0.000000, -0.957806 
0.798399, 0.299436, 0.000000, -0.954116 
0.800400, 0.311407, 0.000000, -0.950276 
0.802401, 0.323330, 0.000000, -0.946286 
0.804402, 0.335202, 0.000000, -0.942146 
0.806403, 0.347020, 0.000000, -0.937858 
0.808404, 0.358784, 0.000000, -0.933421 
0.810405, 0.370491, 0.000000, -0.928836 
0.812406, 0.382139, 0.000000, -0.924105 
0.814407, 0.393727, 0.000000, -0.919227 
0.816408, 0.405253, 0.000000, -0.914205 
0.818409, 0.416714, 0.000000, -0.909038 
0.820410, 0.428110, 0.000000, -0.903727 
0.822411, 0.439438, 0.000000, -0.898273 
0.824412, 0.450697, 0.000000, -0.892677 
0.826413, 0.461884, 0.000000, -0.886940 
0.828414, 0.472999, 0.000000, -0.881063 
0.830415, 0.484038, 0.000000, -0.875047 
0.832416, 0.495001, 0.000000, -0.868892 
0.834417, 0.505886, 0.000000, -0.862600 
0.836418, 0.516691, 0.000000, -0.856172 
0.838419, 0.527414, 0.000000, -0.849608 
0.840420, 0.538054, 0.000000, -0.842910 
0.842421, 0.548609, 0.000000, -0.836079 
0.844422, 0.559077, 0.000000, -0.829116 
0.846423, 0.569457, 0.000000, -0.822021 
0.848424, 0.579747, 0.000000, -0.814797 
0.850425, 0.589945, 0.000000, -0.807444 
0.852426, 0.600049, 0.000000, -0.799963 
0.854427, 0.610059, 0.000000, -0.792356 
0.856428, 0.619973, 0.000000, -0.784623 
0.858429, 0.629788, 0.000000, -0.776767 
0.860430, 0.639504, 0.000000, -0.768787 
0.862431, 0.649119, 0.000000, -0.760687 
0.864432, 0.658632, 0.000000, -0.752466 
0.866433, 0.668040, 0.000000, -0.744126 
0.868434, 0.677342, 0.000000, -0.735668 
0.870435, 0.686538, 0.000000, -0.727094 
0.872436, 0.695625, 0.000000, -0.718405 
0.874437, 0.704602, 0.000000, -0.709603 
0.876438, 0.713468, 0.000000, -0.700688 
0.878439, 0.722221, 0.000000, -0.691663 
0.880440, 0.730859, 0.000000, -0.682528 
0.882441, 0.739382, 0.000000, -0.673286 
0.884442, 0.747789, 0.000000, -0.663937 
0.886443, 0.756077, 0.000000, -0.654483 
0.888444, 0.764246, 0.000000, -0.644925 
0.890445, 0.772293, 0.000000, -0.635266 
0.892446, 0.780219, 0.000000, -0.625506 
0.894447, 0.788022, 0.000000, -0.615648 
0.896448, 0.795699, 0.000000, -0.605692 
0.898449, 0.803251, 0.000000, -0.595640 
0.900450, 0.810677, 0.000000, -0.585494 
0.902451, 0.817973, 0.000000, -0.575256 
0.904452, 0.825141, 0.000000, -0.564927 
0.906453, 0.832178, 0.000000, -0.554508 
0.908454, 0.839084, 0.000000, -0.544002 
0.910455, 0.845857, 0.000000, -0.533410 
0.912456, 0.852496, 0.000000, -0.522733 
0.914457, 0.859001, 0.000000, -0.511974 
0.916458, 0.865370, 0.000000, -0.501134 
0.918459, 0.871602, 0.000000, -0.490214 
0.920460, 0.877696, 0.000000, -0.479218 
0.922461, 0.883652, 0.000000, -0.468145 
0.924462, 0.889467, 0.000000, -0.456999 
0.926463, 0.895143, 0.000000, -0.445780 
0.928464, 0.900676, 0.000000, -0.434490 
0.930465, 0.906068, 0.000000, -0.423133 
0.932466, 0.911316, 0.000000, -0.411708 
0.934467, 0.916420, 0.000000, -0.400218 
0.936468, 0.921379, 0.000000, -0.388665 
0.938469, 0.926193, 0.000000, -0.377050 
0.940470, 0.930860, 0.000000, -0.365376 
0.942471, 0.935380, 0.000000, -0.353644 
0.944472, 0.939752, 0.000000, -0.341856 
0.946473, 0.943976, 0.000000, -0.330014 
0.948474, 0.948050, 0.000000, -0.318120 
0.950475, 0.951975, 0.000000, -0.306176 
0.952476, 0.955749, 0.000000, -0.294183 
0.954477, 0.959372, 0.000000, -0.282144 
0.956478, 0.962844, 0.000000, -0.270060 
0.958479, 0.966163, 0.000000, -0.257933 
0.960480, 0.969329, 0.000000, -0.245766 
0.962481, 0.972342, 0.000000, -0.233560 
0.964482, 0.975202, 0.000000, -0.221317 
0.966483, 0.977907, 0.000000, -0.209039 
0.968484, 0.980458, 0.000000, -0.196728 
0.970485, 0.982854, 0.000000, -0.184386 
0.972486, 0.985094, 0.000000, -0.172014 
0.974487, 0.987179, 0.000000, -0.159616 
0.976488, 0.989108, 0.000000, -0.147192 
0.978489, 0.990880, 0.000000, -0.134745 
0.980490, 0.992496, 0.000000, -0.122277 
0.982491, 0.993955, 0.000000, -0.109789 
0.984492, 0.995257, 0.000000, -0.097284 
0.986493, 0.996401, 0.000000, -0.084764 
0.988494, 0.997388, 0.000000, -0.072230 
0.990495, 0.998217, 0.000000, -0.059685 
0.992496, 0.998889, 0.000000, -0.047130 
0.994497, 0.999402, 0.000000, -0.034568 
0.996498, 0.999758, 0.000000, -0.022000 
0.998499, 0.999956, 0.000000, -0.009429 
1.000500, 0.999995, 0.000000, 0.003143 
1.002501, 0.999877, 0.000000, 0.015715 
1.004502, 0.999600, 0.000000, 0.028285 
1.006503, 0.999165, 0.000000, 0.040850 
1.008504, 0.998573, 0.000000, 0.053408 
1.010505, 0.997822, 0.000000, 0.065959 
1.012506, 0.996914, 0.000000, 0.078498 
1.014507, 0.995849, 0.000000, 0.091026 
1.016508, 0.994625, 0.000000, 0.103539 
1.018509, 0.993245, 0.000000, 0.116035 
1.020510, 0.991708, 0.000000, 0.128513 
1.022511, 0.990014, 0.000000, 0.140971 
1.024512, 0.988163, 0.000000, 0.153407 
1.026513, 0.986156, 0.000000, 0.165818 
1.028514, 0.983994, 0.000000, 0.178203 
1.030515, 0.981675, 0.000000, 0.190560 
1.032516, 0.979202, 0.000000, 0.202887 
1.034517, 0.976574, 0.000000, 0.215182 
1.036518, 0.973791, 0.000000, 0.227443 
1.038519, 0.970855, 0.000000, 0.239668 
1.040520, 0.967765, 0.000000, 0.251855 
1.042521, 0.964522, 0.000000, 0.264002 
1.044522, 0.961127, 0.000000, 0.276107 
1.046523, 0.957580, 0.000000, 0.288169 
1.048524, 0.953881, 0.000000, 0.300185 
1.050525, 0.950031, 0.000000, 0.312154 
1.052526, 0.946032, 0.000000, 0.324074 
1.054527, 0.941883, 0.000000, 0.335942 
1.056528, 0.937585, 0.000000, 0.347757 
1.058529, 0.933139, 0.000000, 0.359517 
1.060530, 0.928545, 0.000000, 0.371220 
1.062531, 0.923804, 0.000000, 0.382865 
1.064532, 0.918918, 0.000000, 0.394449 
1.066533, 0.913886, 0.000000, 0.405971 
1.068534, 0.908710, 0.000000, 0.417428 
1.070535, 0.903390, 0.000000, 0.428820 
1.072536, 0.897927, 0.000000, 0.440144 
1.074537, 0.892323, 0.000000, 0.451398 
1.076538, 0.886577, 0.000000, 0.462581 
1.078539, 0.880691, 0.000000, 0.473691 
1.080540, 0.874666, 0.000000, 0.484726 
1.082541, 0.868503, 0.000000, 0.495684 
1.084542, 0.862202, 0.000000, 0.506564 
1.086543, 0.855766, 0.000000, 0.517364 
1.088544, 0.849194, 0.000000, 0.528082 
1.090545, 0.842487, 0.000000, 0.538716 
1.092546, 0.835648, 0.000000, 0.549266 
1.094547, 0.828676, 0.000000, 0.559728 
1.096548, 0.821574, 0.000000, 0.570103 
1.098549, 0.814341, 0.000000, 0.580387 
1.100550, 0.806980, 0.000000, 0.590579 
1.102551, 0.799491, 0.000000, 0.600678 
1.104552, 0.791876, 0.000000, 0.610682 
1.106553, 0.784136, 0.000000, 0.620589 
1.108554, 0.776272, 0.000000, 0.630399 
1.110555, 0.768285, 0.000000, 0.640108 
1.112556, 0.760176, 0.000000, 0.649717 
1.114557, 0.751948, 0.000000, 0.659223 
1.116558, 0.743600, 0.000000, 0.668624 
1.118559, 0.735135, 0.000000, 0.677920 
1.120560, 0.726554, 0.000000, 0.687109 
1.122561, 0.717858, 0.000000, 0.696189 
1.124562, 0.709049, 0.000000, 0.705159 
1.126563, 0.700127, 0.000000, 0.714018 
1.128564, 0.691095, 0.000000, 0.722764 
1.130565, 0.681954, 0.000000, 0.731395 
1.132566, 0.672704, 0.000000, 0.739911 
1.134567, 0.663349, 0.000000, 0.748310 
1.136568, 0.653888, 0.000000, 0.756591 
1.138569, 0.644325, 0.000000, 0.764752 
1.140570, 0.634659, 0.000000, 0.772792 
1.142571, 0.624893, 0.000000, 0.780710 
1.144572, 0.615028, 0.000000, 0.788505 
1.146573, 0.605066, 0.000000, 0.796175 
1.148574, 0.595009, 0.000000, 0.803719 
1.150575, 0.584857, 0.000000, 0.811136 
1.152576, 0.574613, 0.000000, 0.818425 
1.154577, 0.564278, 0.000000, 0.825585 
1.156578, 0.553854, 0.000000, 0.832614 
1.158579, 0.543342, 0.000000, 0.839511 
1.160580, 0.532745, 0.000000, 0.846276 
1.162581, 0.522063, 0.000000, 0.852907 
1.164582, 0.511299, 0.000000, 0.859403 
1.166583, 0.500454, 0.000000, 0.865763 
1.168584, 0.489529, 0.000000, 0.871987 
1.170585, 0.478528, 0.000000, 0.878072 
1.172586, 0.467451, 0.000000, 0.884019 
1.174587, 0.456299, 0.000000, 0.889826 
1.176588, 0.445076, 0.000000, 0.895493 
1.178589, 0.433783, 0.000000, 0.901018 
1.180590, 0.422420, 0.000000, 0.906400 
1.182591, 0.410991, 0.000000, 0.911639 
1.184592, 0.399498, 0.000000, 0.916734 
1.186593, 0.387941, 0.000000, 0.921684 
1.188594, 0.376322, 0.000000, 0.926489 
1.190595, 0.364644, 0.000000, 0.931147 
1.192596, 0.352909, 0.000000, 0.935658 
1.194597, 0.341117, 0.000000, 0.940021 
1.196598, 0.329272, 0.000000, 0.944235 
1.198599, 0.317375, 0.000000, 0.948300 
1.200600, 0.305428, 0.000000, 0.952215 
1.202601, 0.293432, 0.000000, 0.955980 
1.204602, 0.281390, 0.000000, 0.959594 
1.206603, 0.269303, 0.000000, 0.963055 
1.208604, 0.257174, 0.000000, 0.966365 
1.210605, 0.245004, 0.000000, 0.969522 
1.212606, 0.232796, 0.000000, 0.972526 
1.214607, 0.220551, 0.000000, 0.975376 
1.216608, 0.208270, 0.000000, 0.978071 
1.218609, 0.195957, 0.000000, 0.980612 
1.220610, 0.183613, 0.000000, 0.982999 
1.222611, 0.171240, 0.000000, 0.985229 
1.224612, 0.158840, 0.000000, 0.987304 
1.226613, 0.146415, 0.000000, 0.989223 
1.228614, 0.133966, 0.000000, 0.990986 
1.230615, 0.121497, 0.000000, 0.992592 
1.232616, 0.109008, 0.000000, 0.994041 
1.234617, 0.096502, 0.000000, 0.995333 
1.236618, 0.083981, 0.000000, 0.996467 
1.238619, 0.071446, 0.000000, 0.997444 
1.240620, 0.058900, 0.000000, 0.998264 
1.242621, 0.046345, 0.000000, 0.998925 
1.244622, 0.033783, 0.000000, 0.999429 
1.246623, 0.021215, 0.000000, 0.999775 
1.248624, 0.008644, 0.000000, 0.999963 
1.250625, -0.003929, 0.000000, 0.999992 
1.252626, -0.016501, 0.000000, 0.999864 
1.254627, -0.029070, 0.000000, 0.999577 
1.256628, -0.041635, 0.000000, 0.999133 
1.258629, -0.054193, 0.000000, 0.998530 
1.260630, -0.066743, 0.000000, 0.997770 
1.262631, -0.079282, 0.000000, 0.996852 
1.264632, -0.091808, 0.000000, 0.995777 
1.266633, -0.104320, 0.000000, 0.994544 
1.268634, -0.116816, 0.000000, 0.993154 
1.270635, -0.129293, 0.000000, 0.991606 
1.272636, -0.141749, 0.000000, 0.989903 
1.274637, -0.154183, 0.000000, 0.988042 
1.276638, -0.166593, 0.000000, 0.986026 
1.278639, -0.178977, 0.000000, 0.983853 
1.280640, -0.191332, 0.000000, 0.981525 
1.282641, -0.203657, 0.000000, 0.979042 
1.284642, -0.215949, 0.000000, 0.976405 
1.286643, -0.228208, 0.000000, 0.973612 
1.288644, -0.240431, 0.000000, 0.970666 
1.290645, -0.252615, 0.000000, 0.967567 
1.292646, -0.264760, 0.000000, 0.964314 
1.294647, -0.276862, 0.000000, 0.960910 
1.296648, -0.288921, 0.000000, 0.957353 
1.298649, -0.300935, 0.000000, 0.953645 
1.300650, -0.312901, 0.000000, 0.949786 
1.302651, -0.324817, 0.000000, 0.945777 
1.304652, -0.336682, 0.000000, 0.941618 
1.306653, -0.348493, 0.000000, 0.937311 
1.308654, -0.360250, 0.000000, 0.932856 
1.310655, -0.371950, 0.000000, 0.928253 
1.312656, -0.383591, 0.000000, 0.923503 
1.314657, -0.395171, 0.000000, 0.918608 
1.316658, -0.406689, 0.000000, 0.913567 
1.318659, -0.418142, 0.000000, 0.908382 
1.320660, -0.429530, 0.000000, 0.903053 
1.322661, -0.440849, 0.000000, 0.897581 
1.324662, -0.452099, 0.000000, 0.891968 
1.326663, -0.463277, 0.000000, 0.886213 
1.328664, -0.474383, 0.000000, 0.880319 
1.330665, -0.485413, 0.000000, 0.874285 
1.332666, -0.496366, 0.000000, 0.868113 
1.334667, -0.507241, 0.000000, 0.861804 
1.336668, -0.518036, 0.000000, 0.855359 
1.338669, -0.528749, 0.000000, 0.848778 
1.340670, -0.539378, 0.000000, 0.842064 
1.342671, -0.549922, 0.000000, 0.835216 
1.344672, -0.560379, 0.000000, 0.828236 
1.346673, -0.570748, 0.000000, 0.821125 
1.348674, -0.581026, 0.000000, 0.813885 
1.350675, -0.591213, 0.000000, 0.806516 
1.352676, -0.601306, 0.000000, 0.799019 
1.354677, -0.611304, 0.000000, 0.791396 
1.356678, -0.621205, 0.000000, 0.783648 
1.358679, -0.631008, 0.000000, 0.775776 
1.360680, -0.640712, 0.000000, 0.767781 
1.362681, -0.650314, 0.000000, 0.759665 
1.364682, -0.659813, 0.000000, 0.751429 
1.366683, -0.669208, 0.000000, 0.743075 
1.368684, -0.678498, 0.000000, 0.734602 
1.370685, -0.687680, 0.000000, 0.726014 
1.372686, -0.696753, 0.000000, 0.717311 
1.374687, -0.705716, 0.000000, 0.708495 
1.376688, -0.714568, 0.000000, 0.699566 
1.378689, -0.723307, 0.000000, 0.690527 
1.380690, -0.731931, 0.000000, 0.681379 
1.382691, -0.740440, 0.000000, 0.672123 
1.384692, -0.748831, 0.000000, 0.662761 
1.386693, -0.757105, 0.000000, 0.653294 
1.388694, -0.765258, 0.000000, 0.643723 
1.390695, -0.773291, 0.000000, 0.634052 
1.392696, -0.781201, 0.000000, 0.624279 
1.394697, -0.788988, 0.000000, 0.614409 
1.396698, -0.796650, 0.000000, 0.604441 
1.398699, -0.804187, 0.000000, 0.594377 
1.400700, -0.811596, 0.000000, 0.584220 
1.402701, -0.818877, 0.000000, 0.573970 
1.404702, -0.826028, 0.000000, 0.563629 
1.406703, -0.833049, 0.000000, 0.553200 
1.408704, -0.839938, 0.000000, 0.542682 
1.410705, -0.846694, 0.000000, 0.532080 
1.412706, -0.853317, 0.000000, 0.521393 
1.414707, -0.859805, 0.000000, 0.510623 
1.416708, -0.866156, 0.000000, 0.499773 
1.418709, -0.872371, 0.000000, 0.488844 
1.420710, -0.878448, 0.000000, 0.477838 
1.422711, -0.884386, 0.000000, 0.466756 
1.424712, -0.890185, 0.000000, 0.455600 
1.426713, -0.895842, 0.000000, 0.444372 
1.428714, -0.901358, 0.000000, 0.433074 
1.430715, -0.906732, 0.000000, 0.421708 
1.432716, -0.911962, 0.000000, 0.410275 
1.434717, -0.917048, 0.000000, 0.398777 
1.436718, -0.921989, 0.000000, 0.387216 
1.438719, -0.926784, 0.000000, 0.375594 
1.440720, -0.931433, 0.000000, 0.363912 
1.442721, -0.935935, 0.000000, 0.352173 
1.444722, -0.940288, 0.000000, 0.340379 
1.446723, -0.944493, 0.000000, 0.328530 
1.448724, -0.948549, 0.000000, 0.316630 
1.450725, -0.952455, 0.000000, 0.304679 
1.452726, -0.956210, 0.000000, 0.292681 
1.454727, -0.959814, 0.000000, 0.280636 
1.456728, -0.963267, 0.000000, 0.268546 
1.458729, -0.966567, 0.000000, 0.256415 
1.460730, -0.969714, 0.000000, 0.244242 
1.462731, -0.972708, 0.000000, 0.232032 
1.464732, -0.975549, 0.000000, 0.219784 
1.466733, -0.978235, 0.000000, 0.207502 
1.468734, -0.980766, 0.000000, 0.195187 
1.470735, -0.983143, 0.000000, 0.182841 
1.472736, -0.985364, 0.000000, 0.170466 
1.474737, -0.987429, 0.000000, 0.158064 
1.476738, -0.989338, 0.000000, 0.145637 
1.478739, -0.991091, 0.000000, 0.133188 
1.480740, -0.992687, 0.000000, 0.120717 
1.482741, -0.994126, 0.000000, 0.108227 
1.484742, -0.995408, 0.000000, 0.095720 
1.486743, -0.996533, 0.000000, 0.083198 
1.488744, -0.997500, 0.000000, 0.070662 
1.490745, -0.998310, 0.000000, 0.058116 
1.492746, -0.998962, 0.000000, 0.045560 
1.494747, -0.999455, 0.000000, 0.032997 
1.496748, -0.999791, 0.000000, 0.020429 
1.498749, -0.999969, 0.000000, 0.007858 
1.500750, -0.999989, 0.000000, -0.004715 
1.502751, -0.999851, 0.000000, -0.017287 
1.504752, -0.999554, 0.000000, -0.029856 
1.506753, -0.999100, 0.000000, -0.042420 
1.508754, -0.998488, 0.000000, -0.054978 
1.510755, -0.997717, 0.000000, -0.067527 
1.512756, -0.996790, 0.000000, -0.080065 
1.514757, -0.995704, 0.000000, -0.092591 
1.516758, -0.994461, 0.000000, -0.105102 
1.518759, -0.993062, 0.000000, -0.117596 
1.520760, -0.991505, 0.000000, -0.130072 
1.522761, -0.989791, 0.000000, -0.142527 
1.524762, -0.987921, 0.000000, -0.154960 
1.526763, -0.985895, 0.000000, -0.167368 
1.528764, -0.983712, 0.000000, -0.179750 
1.530765, -0.981375, 0.000000, -0.192103 
1.532766, -0.978882, 0.000000, -0.204426 
1.534767, -0.976235, 0.000000, -0.216717 
1.536768, -0.973433, 0.000000, -0.228973 
1.538769, -0.970477, 0.000000, -0.241193 
1.540770, -0.967368, 0.000000, -0.253375 
1.542771, -0.964106, 0.000000, -0.265517 
1.544772, -0.960692, 0.000000, -0.277617 
1.546773, -0.957125, 0.000000, -0.289674 
1.548774, -0.953408, 0.000000, -0.301684 
1.550775, -0.949540, 0.000000, -0.313647 
1.552776, -0.945521, 0.000000, -0.325560 
1.554777, -0.941354, 0.000000, -0.337422 
1.556778, -0.937037, 0.000000, -0.349230 
1.558779, -0.932572, 0.000000, -0.360983 
1.560780, -0.927960, 0.000000, -0.372679 
1.562781, -0.923201, 0.000000, -0.384316 
1.564782, -0.918297, 0.000000, -0.395893 
1.566783, -0.913247, 0.000000, -0.407407 
1.568784, -0.908053, 0.000000, -0.418856 
1.570785, -0.902715, 0.000000, -0.430239 
1.572786, -0.897234, 0.000000, -0.441554 
1.574787, -0.891612, 0.000000, -0.452800 
1.576788, -0.885849, 0.000000, -0.463974 
1.578789, -0.879946, 0.000000, -0.475074 
1.580790, -0.873903, 0.000000, -0.486100 
1.582791, -0.867723, 0.000000, -0.497048 
1.584792, -0.861405, 0.000000, -0.507918 
1.586793, -0.854952, 0.000000, -0.518708 
1.588794, -0.848363, 0.000000, -0.529416 
1.590795, -0.841640, 0.000000, -0.540040 
1.592796, -0.834783, 0.000000, -0.550578 
1.594797, -0.827795, 0.000000, -0.561030 
1.596798, -0.820677, 0.000000, -0.571393 
1.598799, -0.813428, 0.000000, -0.581666 
1.600800, -0.806051, 0.000000, -0.591846 
1.602801, -0.798546, 0.000000, -0.601934 
1.604802, -0.790915, 0.000000, -0.611926 
1.606803, -0.783160, 0.000000, -0.621821 
1.608804, -0.775280, 0.000000, -0.631618 
1.610805, -0.767278, 0.000000, -0.641315 
1.612806, -0.759154, 0.000000, -0.650911 
1.614807, -0.750911, 0.000000, -0.660404 
1.616808, -0.742549, 0.000000, -0.669792 
1.618809, -0.734069, 0.000000, -0.679075 
1.620810, -0.725474, 0.000000, -0.688250 
1.622811, -0.716763, 0.000000, -0.697317 
1.624812, -0.707940, 0.000000, -0.706273 
1.626813, -0.699004, 0.000000, -0.715117 
1.628814, -0.689958, 0.000000, -0.723849 
1.630815, -0.680803, 0.000000, -0.732466 
1.632816, -0.671541, 0.000000, -0.740968 
1.634817, -0.662172, 0.000000, -0.749352 
1.636818, -0.652699, 0.000000, -0.757618 
1.638819, -0.643122, 0.000000, -0.765764 
1.640820, -0.633444, 0.000000, -0.773789 
1.642821, -0.623665, 0.000000, -0.781691 
1.644822, -0.613788, 0.000000, -0.789471 
1.646823, -0.603814, 0.000000, -0.797125 
1.648824, -0.593745, 0.000000, -0.804653 
1.650825, -0.583582, 0.000000, -0.812054 
1.652826, -0.573326, 0.000000, -0.819327 
1.654827, -0.562980, 0.000000, -0.826471 
1.656828, -0.552545, 0.000000, -0.833483 
1.658829, -0.542022, 0.000000, -0.840364 
1.660830, -0.531414, 0.000000, -0.847112 
1.662831, -0.520722, 0.000000, -0.853726 
1.664832, -0.509947, 0.000000, -0.860206 
1.666833, -0.499092, 0.000000, -0.866549 
1.668834, -0.488158, 0.000000, -0.872755 
1.670835, -0.477147, 0.000000, -0.878823 
1.672836, -0.466061, 0.000000, -0.884753 
1.674837, -0.454900, 0.000000, -0.890542 
1.676838, -0.443668, 0.000000, -0.896191 
1.678839, -0.432366, 0.000000, -0.901698 
1.680840, -0.420995, 0.000000, -0.907063 
1.682841, -0.409558, 0.000000, -0.912284 
1.684842, -0.398056, 0.000000, -0.917361 
1.686843, -0.386492, 0.000000, -0.922293 
1.688844, -0.374866, 0.000000, -0.927079 
1.690845, -0.363180, 0.000000, -0.931719 
1.692846, -0.351438, 0.000000, -0.936211 
1.694847, -0.339640, 0.000000, -0.940556 
1.696848, -0.327788, 0.000000, -0.944751 
1.698849, -0.315884, 0.000000, -0.948798 
1.700850, -0.303931, 0.000000, -0.952694 
1.702851, -0.291929, 0.000000, -0.956440 
1.704852, -0.279881, 0.000000, -0.960035 
1.706853, -0.267789, 0.000000, -0.963477 
1.708854, -0.255655, 0.000000, -0.966768 
1.710855, -0.243480, 0.000000, -0.969906 
1.712856, -0.231267, 0.000000, -0.972890 
1.714857, -0.219017, 0.000000, -0.975721 
1.716858, -0.206733, 0.000000, -0.978397 
1.718859, -0.194416, 0.000000, -0.980919 
1.720860, -0.182068, 0.000000, -0.983286 
1.722861, -0.169692, 0.000000, -0.985497 
1.724862, -0.157288, 0.000000, -0.987553 
1.726863, -0.144860, 0.000000, -0.989452 
1.728864, -0.132409, 0.000000, -0.991195 
1.730865, -0.119937, 0.000000, -0.992782 
1.732866, -0.107446, 0.000000, -0.994211 
1.734867, -0.094938, 0.000000, -0.995483 
1.736868, -0.082414, 0.000000, -0.996598 
1.738869, -0.069878, 0.000000, -0.997556 
1.740870, -0.057331, 0.000000, -0.998355 
1.742871, -0.044775, 0.000000, -0.998997 
1.744872, -0.032212, 0.000000, -0.999481 
1.746873, -0.019644, 0.000000, -0.999807 
1.748874, -0.007072, 0.000000, -0.999975 
1.750875, 0.005501, 0.000000, -0.999985 
1.752876, 0.018072, 0.000000, -0.999837 
1.754877, 0.030641, 0.000000, -0.999530 
1.756878, 0.043205, 0.000000, -0.999066 
1.758879, 0.055762, 0.000000, -0.998444 
1.760880, 0.068311, 0.000000, -0.997664 
1.762881, 0.080848, 0.000000, -0.996726 
1.764882, 0.093373, 0.000000, -0.995631 
1.766883, 0.105883, 0.000000, -0.994379 
1.768884, 0.118376, 0.000000, -0.992969 
1.770885, 0.130851, 0.000000, -0.991402 
1.772886, 0.143305, 0.000000, -0.989679 
1.774887, 0.155736, 0.000000, -0.987799 
1.776888, 0.168143, 0.000000, -0.985763 
1.778889, 0.180523, 0.000000, -0.983571 
1.780890, 0.192874, 0.000000, -0.981224 
1.782891, 0.205195, 0.000000, -0.978721 
1.784892, 0.217484, 0.000000, -0.976064 
1.786893, 0.229738, 0.000000, -0.973253 
1.788894, 0.241956, 0.000000, -0.970287 
1.790895, 0.254135, 0.000000, -0.967169 
1.792896, 0.266275, 0.000000, -0.963897 
1.794897, 0.278372, 0.000000, -0.960473 
1.796898, 0.290426, 0.000000, -0.956898 
1.798899, 0.302433, 0.000000, -0.953171 
1.800900, 0.314393, 0.000000, -0.949293 
1.802901, 0.326303, 0.000000, -0.945265 
1.804902, 0.338161, 0.000000, -0.941088 
1.806903, 0.349966, 0.000000, -0.936762 
1.808904, 0.361716, 0.000000, -0.932288 
1.810905, 0.373408, 0.000000, -0.927667 
1.812906, 0.385042, 0.000000, -0.922899 
1.814907, 0.396614, 0.000000, -0.917985 
1.816908, 0.408124, 0.000000, -0.912926 
1.818909, 0.419569, 0.000000, -0.907723 
1.820910, 0.430948, 0.000000, -0.902377 
1.822911, 0.442259, 0.000000, -0.896887 
1.824912, 0.453500, 0.000000, -0.891256 
1.826913, 0.464670, 0.000000, -0.885484 
1.828914, 0.475766, 0.000000, -0.879572 
1.830915, 0.486786, 0.000000, -0.873521 
1.832916, 0.497730, 0.000000, -0.867332 
1.834917, 0.508595, 0.000000, -0.861006 
1.836918, 0.519380, 0.000000, -0.854544 
1.838919, 0.530082, 0.000000, -0.847946 
1.840920, 0.540701, 0.000000, -0.841215 
1.842921, 0.551234, 0.000000, -0.834351 
1.844922, 0.561680, 0.000000, -0.827354 
1.846923, 0.572038, 0.000000, -0.820227 
1.848924, 0.582305, 0.000000, -0.812971 
1.850925, 0.592480, 0.000000, -0.805585 
1.852926, 0.602561, 0.000000, -0.798073 
1.854927, 0.612547, 0.000000, -0.790434 
1.856928, 0.622436, 0.000000, -0.782671 
1.858929, 0.632227, 0.000000, -0.774783 
1.860930, 0.641918, 0.000000, -0.766774 
1.862931, 0.651507, 0.000000, -0.758643 
1.864932, 0.660994, 0.000000, -0.750392 
1.866933, 0.670375, 0.000000, -0.742022 
1.868934, 0.679651, 0.000000, -0.733535 
1.870935, 0.688820, 0.000000, -0.724932 
1.872936, 0.697880, 0.000000, -0.716215 
1.874937, 0.706829, 0.000000, -0.707385 
1.876938, 0.715667, 0.000000, -0.698442 
1.878939, 0.724391, 0.000000, -0.689389 
1.880940, 0.733001, 0.000000, -0.680228 
1.882941, 0.741495, 0.000000, -0.670958 
1.884942, 0.749872, 0.000000, -0.661583 
1.886943, 0.758130, 0.000000, -0.652103 
1.888944, 0.766269, 0.000000, -0.642520 
1.890945, 0.774286, 0.000000, -0.632835 
1.892946, 0.782181, 0.000000, -0.623051 
1.894947, 0.789953, 0.000000, -0.613168 
1.896948, 0.797599, 0.000000, -0.603188 
1.898949, 0.805120, 0.000000, -0.593112 
1.900950, 0.812513, 0.000000, -0.582943 
1.902951, 0.819778, 0.000000, -0.572682 
1.904952, 0.826913, 0.000000, -0.562330 
1.906953, 0.833917, 0.000000, -0.551890 
1.908954, 0.840790, 0.000000, -0.541362 
1.910955, 0.847529, 0.000000, -0.530748 
1.912956, 0.854135, 0.000000, -0.520051 
1.914957, 0.860606, 0.000000, -0.509271 
1.916958, 0.866941, 0.000000, -0.498411 
1.918959, 0.873138, 0.000000, -0.487472 
1.920960, 0.879198, 0.000000, -0.476457 
1.922961, 0.885119, 0.000000, -0.465365 
1.924962, 0.890899, 0.000000, -0.454201 
1.926963, 0.896539, 0.000000, -0.442964 
1.928964, 0.902038, 0.000000, -0.431657 
1.930965, 0.907393, 0.000000, -0.420283 
1.932966, 0.912606, 0.000000, -0.408841 
1.934967, 0.917673, 0.000000, -0.397335 
1.936968, 0.922596, 0.000000, -0.385767 
1.938969, 0.927373, 0.000000, -0.374137 
1.940970, 0.932004, 0.000000, -0.362448 
1.942971, 0.936487, 0.000000, -0.350702 
1.944972, 0.940822, 0.000000, -0.338901 
1.946973, 0.945009, 0.000000, -0.327045 
1.948974, 0.949046, 0.000000, -0.315139 
1.950975, 0.952933, 0.000000, -0.303182 
1.952976, 0.956669, 0.000000, -0.291177 
1.954977, 0.960254, 0.000000, -0.279127 
1.956978, 0.963688, 0.000000, -0.267032 
1.958979, 0.966969, 0.000000, -0.254895 
1.960980, 0.970097, 0.000000, -0.242718 
1.962981, 0.973072, 0.000000, -0.230503 
1.964982, 0.975893, 0.000000, -0.218251 
1.966983, 0.978560, 0.000000, -0.205964 
1.968984, 0.981072, 0.000000, -0.193645 
1.970985, 0.983429, 0.000000, -0.181295 
1.972986, 0.985630, 0.000000, -0.168917 
1.974987, 0.987676, 0.000000, -0.156512 
1.976988, 0.989566, 0.000000, -0.144082 
1.978989, 0.991299, 0.000000, -0.131630 
1.980990, 0.992875, 0.000000, -0.119156 
1.982991, 0.994295, 0.000000, -0.106664 
1.984992, 0.995558, 0.000000, -0.094155 
1.986993, 0.996663, 0.000000, -0.081631 
1.988994, 0.997610, 0.000000, -0.069095 
1.990995, 0.998400, 0.000000, -0.056547 
1.992996, 0.999032, 0.000000, -0.043990 
1.994997, 0.999506, 0.000000, -0.031426 
1.996998, 0.999822, 0.000000, -0.018858 
1.998999, 0.999980, 0.000000, -0.006286 
2.001001, 0.999980, 0.000000, 0.006286 
2.003002, 0.999822, 0.000000, 0.018858 
2.005003, 0.999506, 0.000000, 0.031426 
2.007004, 0.999032, 0.000000, 0.043990 
2.009005, 0.998400, 0.000000, 0.056547 
2.011006, 0.997610, 0.000000, 0.069095 
2.013007, 0.996663, 0.000000, 0.081631 
2.015008, 0.995558, 0.000000, 0.094155 
2.017009, 0.994295, 0.000000, 0.106664 
2.019010, 0.992875, 0.000000, 0.119156 
2.021011, 0.991299, 0.000000, 0.131630 
2.023012, 0.989566, 0.000000, 0.144082 
2.025013, 0.987676, 0.000000, 0.156512 
2.027014, 0.985630, 0.000000, 0.168917 
2.029015, 0.983429, 0.000000, 0.181295 
2.031016, 0.981072, 0.000000, 0.193645 
2.033017, 0.978560, 0.000000, 0.205964 
2.035018, 0.975893, 0.000000, 0.218251 
2.037019, 0.973072, 0.000000, 0.230503 
2.039020, 0.970097, 0.000000, 0.242718 
2.041021, 0.966969, 0.000000, 0.254895 
2.043022, 0.963688, 0.000000, 0.267032 
2.045023, 0.960254, 0.000000, 0.279127 
2.047024, 0.956669, 0.000000, 0.291177 
2.049025, 0.952933, 0.000000, 0.303182 
2.051026, 0.949046, 0.000000, 0.315139 
2.053027, 0.945009, 0.000000, 0.327045 
2.055028, 0.940822, 0.000000, 0.338901 
2.057029, 0.936487, 0.000000, 0.350702 
2.059030, 0.932004, 0.000000, 0.362448 
2.061031, 0.927373, 0.000000, 0.374137 
2.063032, 0.922596, 0.000000, 0.385767 
2.065033, 0.917673, 0.000000, 0.397335 
2.067034, 0.912606, 0.000000, 0.408841 
2.069035, 0.907393, 0.000000, 0.420283 
2.071036, 0.902038, 0.000000, 0.431657 
2.073037, 0.896539, 0.000000, 0.442964 
2.075038, 0.890899, 0.000000, 0.454201 
2.077039, 0.885119, 0.000000, 0.465365 
2.079040, 0.879198, 0.000000, 0.476457 
2.081041, 0.873138, 0.000000, 0.487472 
2.083042, 0.866941, 0.000000, 0.498411 
2.085043, 0.860606, 0.000000, 0.509271 
2.087044, 0.854135, 0.000000, 0.520051 
2.089045, 0.847529, 0.000000, 0.530748 
2.091046, 0.840790, 0.000000, 0.541362 
2.093047, 0.833917, 0.000000, 0.551890 
2.095048, 0.826913, 0.000000, 0.562330 
2.097049, 0.819778, 0.000000, 0.572682 
2.099050, 0.812513, 0.000000, 0.582943 
2.101051, 0.805120, 0.000000, 0.593112 
2.103052, 0.797599, 0.000000, 0.603188 
2.105053, 0.789953, 0.000000, 0.613168 
2.107054, 0.782181, 0.000000, 0.623051 
2.109055, 0.774286, 0.000000, 0.632835 
2.111056, 0.766269, 0.000000, 0.642520 
2.113057, 0.758130, 0.000000, 0.652103 
2.115058, 0.749872, 0.000000, 0.661583 
2.117059, 0.741495, 0.000000, 0.670958 
2.119060, 0.733001, 0.000000, 0.680228 
2.121061, 0.724391, 0.000000, 0.689389 
2.123062, 0.715667, 0.000000, 0.698442 
2.125063, 0.706829, 0.000000, 0.707385 
2.127064, 0.697880, 0.000000, 0.716215 
2.129065, 0.688820, 0.000000, 0.724932 
2.131066, 0.679651, 0.000000, 0.733535 
2.133067, 0.670375, 0.000000, 0.742022 
2.135068, 0.660994, 0.000000, 0.750392 
2.137069, 0.651507, 0.000000, 0.758643 
2.139070, 0.641918, 0.000000, 0.766774 
2.141071, 0.632227, 0.000000, 0.774783 
2.143072, 0.622436, 0.000000, 0.782671 
2.145073, 0.612547, 0.000000, 0.790434 
2.147074, 0.602561, 0.000000, 0.798073 
2.149075, 0.592480, 0.000000, 0.805585 
2.151076, 0.582305, 0.000000, 0.812971 
2.153077, 0.572038, 0.000000, 0.820227 
2.155078, 0.561680, 0.000000, 0.827354 
2.157079, 0.551234, 0.000000, 0.834351 
2.159080, 0.540701, 0.000000, 0.841215 
2.161081, 0.530082, 0.000000, 0.847946 
2.163082, 0.519380, 0.000000, 0.854544 
2.165083, 0.508595, 0.000000, 0.861006 
2.167084, 0.497730, 0.000000, 0.867332 
2.169085, 0.486786, 0.000000, 0.873521 
2.171086, 0.475766, 0.000000, 0.879572 
2.173087, 0.464670, 0.000000, 0.885484 
2.175088, 0.453500, 0.000000, 0.891256 
2.177089, 0.442259, 0.000000, 0.896887 
2.179090, 0.430948, 0.000000, 0.902377 
2.181091, 0.419569, 0.000000, 0.907723 
2.183092, 0.408124, 0.000000, 0.912926 
2.185093, 0.396614, 0.000000, 0.917985 
2.187094, 0.385042, 0.000000, 0.922899 
2.189095, 0.373408, 0.000000, 0.927667 
2.191096, 0.361716, 0.000000, 0.932288 
2.193097, 0.349966, 0.000000, 0.936762 
2.195098, 0.338161, 0.000000, 0.941088 
2.197099, 0.326303, 0.000000, 0.945265 
2.199100, 0.314393, 0.000000, 0.949293 
2.201101, 0.302433, 0.000000, 0.953171 
2.203102, 0.290426, 0.000000, 0.956898 
2.205103, 0.278372, 0.000000, 0.960473 
2.207104, 0.266275, 0.000000, 0.963897 
2.209105, 0.254135, 0.000000, 0.967169 
2.211106, 0.241956, 0.000000, 0.970287 
2.213107, 0.229738, 0.000000, 0.973253 
2.215108, 0.217484, 0.000000, 0.976064 
2.217109, 0.205195, 0.000000, 0.978721 
2.219110, 0.192874, 0.000000, 0.981224 
2.221111, 0.180523, 0.000000, 0.983571 
2.223112, 0.168143, 0.000000, 0.985763 
2.225113, 0.155736, 0.000000, 0.987799 
2.227114, 0.143305, 0.000000, 0.989679 
2.229115, 0.130851, 0.000000, 0.991402 
2.231116, 0.118376, 0.000000, 0.992969 
2.233117, 0.105883, 0.000000, 0.994379 
2.235118, 0.093373, 0.000000, 0.995631 
2.237119, 0.080848, 0.000000, 0.996726 
2.239120, 0.068311, 0.000000, 0.997664 
2.241121, 0.055762, 0.000000, 0.998444 
2.243122, 0.043205, 0.000000, 0.999066 
2.245123, 0.030641, 0.000000, 0.999530 
2.247124, 0.018072, 0.000000, 0.999837 
2.249125, 0.005501, 0.000000, 0.999985 
2.251126, -0.007072, 0.000000, 0.999975 
2.253127, -0.019644, 0.000000, 0.999807 
2.255128, -0.032212, 0.000000, 0.999481 
2.257129, -0.044775, 0.000000, 0.998997 
2.259130, -0.057331, 0.000000, 0.998355 
2.261131, -0.069878, 0.000000, 0.997556 
2.263132, -0.082414, 0.000000, 0.996598 
2.265133, -0.094938, 0.000000, 0.995483 
2.267134, -0.107446, 0.000000, 0.994211 
2.269135, -0.119937, 0.000000, 0.992782 
2.271136, -0.132409, 0.000000, 0.991195 
2.273137, -0.144860, 0.000000, 0.989452 
2.275138, -0.157288, 0.000000, 0.987553 
2.277139, -0.169692, 0.000000, 0.985497 
2.279140, -0.182068, 0.000000, 0.983286 
2.281141, -0.194416, 0.000000, 0.980919 
2.283142, -0.206733, 0.000000, 0.978397 
2.285143, -0.219017, 0.000000, 0.975721 
2.287144, -0.231267, 0.000000, 0.972890 
2.289145, -0.243480, 0.000000, 0.969906 
2.291146, -0.255655, 0.000000, 0.966768 
2.293147, -0.267789, 0.000000, 0.963477 
2.295148, -0.279881, 0.000000, 0.960035 
2.297149, -0.291929, 0.000000, 0.956440 
2.299150, -0.303931, 0.000000, 0.952694 
2.301151, -0.315884, 0.000000, 0.948798 
2.303152, -0.327788, 0.000000, 0.944751 
2.305153, -0.339640, 0.000000, 0.940556 
2.307154, -0.351438, 0.000000, 0.936211 
2.309155, -0.363180, 0.000000, 0.931719 
2.311156, -0.374866, 0.000000, 0.927079 
2.313157, -0.386492, 0.000000, 0.922293 
2.315158, -0.398056, 0.000000, 0.917361 
2.317159, -0.409558, 0.000000, 0.912284 
2.319160, -0.420995, 0.000000, 0.907063 
2.321161, -0.432366, 0.000000, 0.901698 
2.323162, -0.443668, 0.000000, 0.896191 
2.325163, -0.454900, 0.000000, 0.890542 
2.327164, -0.466061, 0.000000, 0.884753 
2.329165, -0.477147, 0.000000, 0.878823 
2.331166, -0.488158, 0.000000, 0.872755 
2.333167, -0.499092, 0.000000, 0.866549 
2.335168, -0.509947, 0.000000, 0.860206 
2.337169, -0.520722, 0.000000, 0.853726 
2.339170, -0.531414, 0.000000, 0.847112 
2.341171, -0.542022, 0.000000, 0.840364 
2.343172, -0.552545, 0.000000, 0.833483 
2.345173, -0.562980, 0.000000, 0.826471 
2.347174, -0.573326, 0.000000, 0.819327 
2.349175, -0.583582, 0.000000, 0.812054 
2.351176, -0.593745, 0.000000, 0.804653 
2.353177, -0.603814, 0.000000, 0.797125 
2.355178, -0.613788, 0.000000, 0.789471 
2.357179, -0.623665, 0.000000, 0.781691 
2.359180, -0.633444, 0.000000, 0.773789 
2.361181, -0.643122, 0.000000, 0.765764 
2.363182, -0.652699, 0.000000, 0.757618 
2.365183, -0.662172, 0.000000, 0.749352 
2.367184, -0.671541, 0.000000, 0.740968 
2.369185, -0.680803, 0.000000, 0.732466 
2.371186, -0.689958, 0.000000, 0.723849 
2.373187, -0.699004, 0.000000, 0.715117 
2.375188, -0.707940, 0.000000, 0.706273 
2.377189, -0.716763, 0.000000, 0.697317 
2.379190, -0.725474, 0.000000, 0.688250 
2.381191, -0.734069, 0.000000, 0.679075 
2.383192, -0.742549, 0.000000, 0.669792 
2.385193, -0.750911, 0.000000, 0.660404 
2.387194, -0.759154, 0.000000, 0.650911 
2.389195, -0.767278, 0.000000, 0.641315 
2.391196, -0.775280, 0.000000, 0.631618 
2.393197, -0.783160, 0.000000, 0.621821 
2.395198, -0.790915, 0.000000, 0.611926 
2.397199, -0.798546, 0.000000, 0.601934 
2.399200, -0.806051, 0.000000, 0.591846 
2.401201, -0.813428, 0.000000, 0.581666 
2.403202, -0.820677, 0.000000, 0.571393 
2.405203, -0.827795, 0.000000, 0.561030 
2.407204, -0.834783, 0.000000, 0.550578 
2.409205, -0.841640, 0.000000, 0.540040 
2.411206, -0.848363, 0.000000, 0.529416 
2.413207, -0.854952, 0.000000, 0.518708 
2.415208, -0.861405, 0.000000, 0.507918 
2.417209, -0.867723, 0.000000, 0.497048 
2.419210, -0.873903, 0.000000, 0.486100 
2.421211, -0.879946, 0.000000, 0.475074 
2.423212, -0.885849, 0.000000, 0.463974 
2.425213, -0.891612, 0.000000, 0.452800 
2.427214, -0.897234, 0.000000, 0.441554 
2.429215, -0.902715, 0.000000, 0.430239 
2.431216, -0.908053, 0.000000, 0.418856 
2.433217, -0.913247, 0.000000, 0.407407 
2.435218, -0.918297, 0.000000, 0.395893 
2.437219, -0.923201, 0.000000, 0.384316 
2.439220, -0.927960, 0.000000, 0.372679 
2.441221, -0.932572, 0.000000, 0.360983 
2.443222, -0.937037, 0.000000, 0.349230 
2.445223, -0.941354, 0.000000, 0.337422 
2.447224, -0.945521, 0.000000, 0.325560 
2.449225, -0.949540, 0.000000, 0.313647 
2.451226, -0.953408, 0.000000, 0.301684 
2.453227, -0.957125, 0.000000, 0.289674 
2.455228, -0.960692, 0.000000, 0.277617 
2.457229, -0.964106, 0.000000, 0.265517 
2.459230, -0.967368, 0.000000, 0.253375 
2.461231, -0.970477, 0.000000, 0.241193 
2.463232, -0.973433, 0.000000, 0.228973 
2.465233, -0.976235, 0.000000, 0.216717 
2.467234, -0.978882, 0.000000, 0.204426 
2.469235, -0.981375, 0.000000, 0.192103 
2.471236, -0.983712, 0.000000, 0.179750 
2.473237, -0.985895, 0.000000, 0.167368 
2.475238, -0.987921, 0.000000, 0.154960 
2.477239, -0.989791, 0.000000, 0.142527 
2.479240, -0.991505, 0.000000, 0.130072 
2.481241, -0.993062, 0.000000, 0.117596 
2.483242, -0.994461, 0.000000, 0.105102 
2.485243, -0.995704, 0.000000, 0.092591 
2.487244, -0.996790, 0.000000, 0.080065 
2.489245, -0.997717, 0.000000, 0.067527 
2.491246, -0.998488, 0.000000, 0.054978 
2.493247, -0.999100, 0.000000, 0.042420 
2.495248, -0.999554, 0.000000, 0.029856 
2.497249, -0.999851, 0.000000, 0.017287 
2.499250, -0.999989, 0.000000, 0.004715 
2.501251, -0.999969, 0.000000, -0.007858 
2.503252, -0.999791, 0.000000, -0.020429 
2.505253, -0.999455, 0.000000, -0.032997 
2.507254, -0.998962, 0.000000, -0.045560 
2.509255, -0.998310, 0.000000, -0.058116 
2.511256, -0.997500, 0.000000, -0.070662 
2.513257, -0.996533, 0.000000, -0.083198 
2.515258, -0.995408, 0.000000, -0.095720 
2.517259, -0.994126, 0.000000, -0.108227 
2.519260, -0.992687, 0.000000, -0.120717 
2.521261, -0.991091, 0.000000, -0.133188 
2.523262, -0.989338, 0.000000, -0.145637 
2.525263, -0.987429, 0.000000, -0.158064 
2.527264, -0.985364, 0.000000, -0.170466 
2.529265, -0.983143, 0.000000, -0.182841 
2.531266, -0.980766, 0.000000, -0.195187 
2.533267, -0.978235, 0.000000, -0.207502 
2.535268, -0.975549, 0.000000, -0.219784 
2.537269, -0.972708, 0.000000, -0.232032 
2.539270, -0.969714, 0.000000, -0.244242 
2.541271, -0.966567, 0.000000, -0.256415 
2.543272, -0.963267, 0.000000, -0.268546 
2.545273, -0.959814, 0.000000, -0.280636 
2.547274, -0.956210, 0.000000, -0.292681 
2.549275, -0.952455, 0.000000, -0.304679 
2.551276, -0.948549, 0.000000, -0.316630 
2.553277, -0.944493, 0.000000, -0.328530 
2.555278, -0.940288, 0.000000, -0.340379 
2.557279, -0.935935, 0.000000, -0.352173 
2.559280, -0.931433, 0.000000, -0.363912 
2.561281, -0.926784, 0.000000, -0.375594 
2.563282, -0.921989, 0.000000, -0.387216 
2.565283, -0.917048, 0.000000, -0.398777 
2.567284, -0.911962, 0.000000, -0.410275 
2.569285, -0.906732, 0.000000, -0.421708 
2.571286, -0.901358, 0.000000, -0.433074 
2.573287, -0.895842, 0.000000, -0.444372 
2.575288, -0.890185, 0.000000, -0.455600 
2.577289, -0.884386, 0.000000, -0.466756 
2.579290, -0.878448, 0.000000, -0.477838 
2.581291, -0.872371, 0.000000, -0.488844 
2.583292, -0.866156, 0.000000, -0.499773 
2.585293, -0.859805, 0.000000, -0.510623 
2.587294, -0.853317, 0.000000, -0.521393 
2.589295, -0.846694, 0.000000, -0.532080 
2.591296, -0.839938, 0.000000, -0.542682 
2.593297, -0.833049, 0.000000, -0.553200 
2.595298, -0.826028, 0.000000, -0.563629 
2.597299, -0.818877, 0.000000, -0.573970 
2.599300, -0.811596, 0.000000, -0.584220 
2.601301, -0.804187, 0.000000, -0.594377 
2.603302, -0.796650, 0.000000, -0.604441 
2.605303, -0.788988, 0.000000, -0.614409 
2.607304, -0.781201, 0.000000, -0.624279 
2.609305, -0.773291, 0.000000, -0.634052 
2.611306, -0.765258, 0.000000, -0.643723 
2.613307, -0.757105, 0.000000, -0.653294 
2.615308, -0.748831, 0.000000, -0.662761 
2.617309, -0.740440, 0.000000, -0.672123 
2.619310, -0.731931, 0.000000, -0.681379 
2.621311, -0.723307, 0.000000, -0.690527 
2.623312, -0.714568, 0.000000, -0.699566 
2.625313, -0.705716, 0.000000, -0.708495 
2.627314, -0.696753, 0.000000, -0.717311 
2.629315, -0.687680, 0.000000, -0.726014 
2.631316, -0.678498, 0.000000, -0.734602 
2.633317, -0.669208, 0.000000, -0.743075 
2.635318, -0.659813, 0.000000, -0.751429 
2.637319, -0.650314, 0.000000, -0.759665 
2.639320, -0.640712, 0.000000, -0.767781 
2.641321, -0.631008, 0.000000, -0.775776 
2.643322, -0.621205, 0.000000, -0.783648 
2.645323, -0.611304, 0.000000, -0.791396 
2.647324, -0.601306, 0.000000, -0.799019 
2.649325, -0.591213, 0.000000, -0.806516 
2.651326, -0.581026, 0.000000, -0.813885 
2.653327, -0.570748, 0.000000, -0.821125 
2.655328, -0.560379, 0.000000, -0.828236 
2.657329, -0.549922, 0.000000, -0.835216 
2.659330, -0.539378, 0.000000, -0.842064 
2.661331, -0.528749, 0.000000, -0.848778 
2.663332, -0.518036, 0.000000, -0.855359 
2.665333, -0.507241, 0.000000, -0.861804 
2.667334, -0.496366, 0.000000, -0.868113 
2.669335, -0.485413, 0.000000, -0.874285 
2.671336, -0.474383, 0.000000, -0.880319 
2.673337, -0.463277, 0.000000, -0.886213 
2.675338, -0.452099, 0.000000, -0.891968 
2.677339, -0.440849, 0.000000, -0.897581 
2.679340, -0.429530, 0.000000, -0.903053 
2.681341, -0.418142, 0.000000, -0.908382 
2.683342, -0.406689, 0.000000, -0.913567 
2.685343, -0.395171, 0.000000, -0.918608 
2.687344, -0.383591, 0.000000, -0.923503 
2.689345, -0.371950, 0.000000, -0.928253 
2.691346, -0.360250, 0.000000, -0.932856 
2.693347, -0.348493, 0.000000, -0.937311 
2.695348, -0.336682, 0.000000, -0.941618 
2.697349, -0.324817, 0.000000, -0.945777 
2.699350, -0.312901, 0.000000, -0.949786 
2.701351, -0.300935, 0.000000, -0.953645 
2.703352, -0.288921, 0.000000, -0.957353 
2.705353, -0.276862, 0.000000, -0.960910 
2.707354, -0.264760, 0.000000, -0.964314 
2.709355, -0.252615, 0.000000, -0.967567 
2.711356, -0.240431, 0.000000, -0.970666 
2.713357, -0.228208, 0.000000, -0.973612 
2.715358, -0.215949, 0.000000, -0.976405 
2.717359, -0.203657, 0.000000, -0.979042 
2.719360, -0.191332, 0.000000, -0.981525 
2.721361, -0.178977, 0.000000, -0.983853 
2.723362, -0.166593, 0.000000, -0.986026 
2.725363, -0.154183, 0.000000, -0.988042 
2.727364, -0.141749, 0.000000, -0.989903 
2.729365, -0.129293, 0.000000, -0.991606 
2.731366, -0.116816, 0.000000, -0.993154 
2.733367, -0.104320, 0.000000, -0.994544 
2.735368, -0.091808, 0.000000, -0.995777 
2.737369, -0.079282, 0.000000, -0.996852 
2.739370, -0.066743, 0.000000, -0.997770 
2.741371, -0.054193, 0.000000, -0.998530 
2.743372, -0.041635, 0.000000, -0.999133 
2.745373, -0.029070, 0.000000, -0.999577 
2.747374, -0.016501, 0.000000, -0.999864 
2.749375, -0.003929, 0.000000, -0.999992 
2.751376, 0.008644, 0.000000, -0.999963 
2.753377, 0.021215, 0.000000, -0.999775 
2.755378, 0.033783, 0.000000, -0.999429 
2.757379, 0.046345, 0.000000, -0.998925 
2.759380, 0.058900, 0.000000, -0.998264 
2.761381, 0.071446, 0.000000, -0.997444 
2.763382, 0.083981, 0.000000, -0.996467 
2.765383, 0.096502, 0.000000, -0.995333 
2.767384, 0.109008, 0.000000, -0.994041 
2.769385, 0.121497, 0.000000, -0.992592 
2.771386, 0.133966, 0.000000, -0.990986 
2.773387, 0.146415, 0.000000, -0.989223 
2.775388, 0.158840, 0.000000, -0.987304 
2.777389, 0.171240, 0.000000, -0.985229 
2.779390, 0.183613, 0.000000, -0.982999 
2.781391, 0.195957, 0.000000, -0.980612 
2.783392, 0.208270, 0.000000, -0.978071 
2.785393, 0.220551, 0.000000, -0.975376 
2.787394, 0.232796, 0.000000, -0.972526 
2.789395, 0.245004, 0.000000, -0.969522 
2.791396, 0.257174, 0.000000, -0.966365 
2.793397, 0.269303, 0.000000, -0.963055 
2.795398, 0.281390, 0.000000, -0.959594 
2.797399, 0.293432, 0.000000, -0.955980 
2.799400, 0.305428, 0.000000, -0.952215 
2.801401, 0.317375, 0.000000, -0.948300 
2.803402, 0.329272, 0.000000, -0.944235 
2.805403, 0.341117, 0.000000, -0.940021 
2.807404, 0.352909, 0.000000, -0.935658 
2.809405, 0.364644, 0.000000, -0.931147 
2.811406, 0.376322, 0.000000, -0.926489 
2.813407, 0.387941, 0.000000, -0.921684 
2.815408, 0.399498, 0.000000, -0.916734 
2.817409, 0.410991, 0.000000, -0.911639 
2.819410, 0.422420, 0.000000, -0.906400 
2.821411, 0.433783, 0.000000, -0.901018 
2.823412, 0.445076, 0.000000, -0.895493 
2.825413, 0.456299, 0.000000, -0.889826 
2.827414, 0.467451, 0.000000, -0.884019 
2.829415, 0.478528, 0.000000, -0.878072 
2.831416, 0.489529, 0.000000, -0.871987 
2.833417, 0.500454, 0.000000, -0.865763 
2.835418, 0.511299, 0.000000, -0.859403 
2.837419, 0.522063, 0.000000, -0.852907 
2.839420, 0.532745, 0.000000, -0.846276 
2.841421, 0.543342, 0.000000, -0.839511 
2.843422, 0.553854, 0.000000, -0.832614 
2.845423, 0.564278, 0.000000, -0.825585 
2.847424, 0.574613, 0.000000, -0.818425 
2.849425, 0.584857, 0.000000, -0.811136 
2.851426, 0.595009, 0.000000, -0.803719 
2.853427, 0.605066, 0.000000, -0.796175 
2.855428, 0.615028, 0.000000, -0.788505 
2.857429, 0.624893, 0.000000, -0.780710 
2.859430, 0.634659, 0.000000, -0.772792 
2.861431, 0.644325, 0.000000, -0.764752 
2.863432, 0.653888, 0.000000, -0.756591 
2.865433, 0.663349, 0.000000, -0.748310 
2.867434, 0.672704, 0.000000, -0.739911 
2.869435, 0.681954, 0.000000, -0.731395 
2.871436, 0.691095, 0.000000, -0.722764 
2.873437, 0.700127, 0.000000, -0.714018 
2.875438, 0.709049, 0.000000, -0.705159 
2.877439, 0.717858, 0.000000, -0.696189 
2.879440, 0.726554, 0.000000, -0.687109 
2.881441, 0.735135, 0.000000, -0.677920 
2.883442, 0.743600, 0.000000, -0.668624 
2.885443, 0.751948, 0.000000, -0.659223 
2.887444, 0.760176, 0.000000, -0.649717 
2.889445, 0.768285, 0.000000, -0.640108 
2.891446, 0.776272, 0.000000, -0.630399 
2.893447, 0.784136, 0.000000, -0.620589 
2.895448, 0.791876, 0.000000, -0.610682 
2.897449, 0.799491, 0.000000, -0.600678 
2.899450, 0.806980, 0.000000, -0.590579 
2.901451, 0.814341, 0.000000, -0.580387 
2.903452, 0.821574, 0.000000, -0.570103 
2.905453, 0.828676, 0.000000, -0.559728 
2.907454, 0.835648, 0.000000, -0.549266 
2.909455, 0.842487, 0.000000, -0.538716 
2.911456, 0.849194, 0.000000, -0.528082 
2.913457, 0.855766, 0.000000, -0.517364 
2.915458, 0.862202, 0.000000, -0.506564 
2.917459, 0.868503, 0.000000, -0.495684 
2.919460, 0.874666, 0.000000, -0.484726 
2.921461, 0.880691, 0.000000, -0.473691 
2.923462, 0.886577, 0.000000, -0.462581 
2.925463, 0.892323, 0.000000, -0.451398 
2.927464, 0.897927, 0.000000, -0.440144 
2.929465, 0.903390, 0.000000, -0.428820 
2.931466, 0.908710, 0.000000, -0.417428 
2.933467, 0.913886, 0.000000, -0.405971 
2.935468, 0.918918, 0.000000, -0.394449 
2.937469, 0.923804, 0.000000, -0.382865 
2.939470, 0.928545, 0.000000, -0.371220 
2.941471, 0.933139, 0.000000, -0.359517 
2.943472, 0.937585, 0.000000, -0.347757 
2.945473, 0.941883, 0.000000, -0.335942 
2.947474, 0.946032, 0.000000, -0.324074 
2.949475, 0.950031, 0.000000, -0.312154 
2.951476, 0.953881, 0.000000, -0.300185 
2.953477, 0.957580, 0.000000, -0.288169 
2.955478, 0.961127, 0.000000, -0.276107 
2.957479, 0.964522, 0.000000, -0.264002 
2.959480, 0.967765, 0.000000, -0.251855 
2.961481, 0.970855, 0.000000, -0.239668 
2.963482, 0.973791, 0.000000, -0.227443 
2.965483, 0.976574, 0.000000, -0.215182 
2.967484, 0.979202, 0.000000, -0.202887 
2.969485, 0.981675, 0.000000, -0.190560 
2.971486, 0.983994, 0.000000, -0.178203 
2.973487, 0.986156, 0.000000, -0.165818 
2.975488, 0.988163, 0.000000, -0.153407 
2.977489, 0.990014, 0.000000, -0.140971 
2.979490, 0.991708, 0.000000, -0.128513 
2.981491, 0.993245, 0.000000, -0.116035 
2.983492, 0.994625, 0.000000, -0.103539 
2.985493, 0.995849, 0.000000, -0.091026 
2.987494, 0.996914, 0.000000, -0.078498 
2.989495, 0.997822, 0.000000, -0.065959 
2.991496, 0.998573, 0.000000, -0.053408 
2.993497, 0.999165, 0.000000, -0.040850 
2.995498, 0.999600, 0.000000, -0.028285 
2.997499, 0.999877, 0.000000, -0.015715 
2.999500, 0.999995, 0.000000, -0.003143 
3.001501, 0.999956, 0.000000, 0.009429 
3.003502, 0.999758, 0.000000, 0.022000 
3.005503, 0.999402, 0.000000, 0.034568 
3.007504, 0.998889, 0.000000, 0.047130 
3.009505, 0.998217, 0.000000, 0.059685 
3.011506, 0.997388, 0.000000, 0.072230 
3.013507, 0.996401, 0.000000, 0.084764 
3.015508, 0.995257, 0.000000, 0.097284 
3.017509, 0.993955, 0.000000, 0.109789 
3.019510, 0.992496, 0.000000, 0.122277 
3.021511, 0.990880, 0.000000, 0.134745 
3.023512, 0.989108, 0.000000, 0.147192 
3.025513, 0.987179, 0.000000, 0.159616 
3.027514, 0.985094, 0.000000, 0.172014 
3.029515, 0.982854, 0.000000, 0.184386 
3.031516, 0.980458, 0.000000, 0.196728 
3.033517, 0.977907, 0.000000, 0.209039 
3.035518, 0.975202, 0.000000, 0.221317 
3.037519, 0.972342, 0.000000, 0.233560 
3.039520, 0.969329, 0.000000, 0.245766 
3.041521, 0.966163, 0.000000, 0.257933 
3.043522, 0.962844, 0.000000, 0.270060 
3.045523, 0.959372, 0.000000, 0.282144 
3.047524, 0.955749, 0.000000, 0.294183 
3.049525, 0.951975, 0.000000, 0.306176 
3.051526, 0.948050, 0.000000, 0.318120 
3.053527, 0.943976, 0.000000, 0.330014 
3.055528, 0.939752, 0.000000, 0.341856 
3.057529, 0.935380, 0.000000, 0.353644 
3.059530, 0.930860, 0.000000, 0.365376 
3.061531, 0.926193, 0.000000, 0.377050 
3.063532, 0.921379, 0.000000, 0.388665 
3.065533, 0.916420, 0.000000, 0.400218 
3.067534, 0.911316, 0.000000, 0.411708 
3.069535, 0.906068, 0.000000, 0.423133 
3.071536, 0.900676, 0.000000, 0.434490 
3.073537, 0.895143, 0.000000, 0.445780 
3.075538, 0.889467, 0.000000, 0.456999 
3.077539, 0.883652, 0.000000, 0.468145 
3.079540, 0.877696, 0.000000, 0.479218 
3.081541, 0.871602, 0.000000, 0.490214 
3.083542, 0.865370, 0.000000, 0.501134 
3.085543, 0.859001, 0.000000, 0.511974 
3.087544, 0.852496, 0.000000, 0.522733 
3.089545, 0.845857, 0.000000, 0.533410 
3.091546, 0.839084, 0.000000, 0.544002 
3.093547, 0.832178, 0.000000, 0.554508 
3.095548, 0.825141, 0.000000, 0.564927 
3.097549, 0.817973, 0.000000, 0.575256 
3.099550, 0.810677, 0.000000, 0.585494 
3.101551, 0.803251, 0.000000, 0.595640 
3.103552, 0.795699, 0.000000, 0.605692 
3.105553, 0.788022, 0.000000, 0.615648 
3.107554, 0.780219, 0.000000, 0.625506 
3.109555, 0.772293, 0.000000, 0.635266 
3.111556, 0.764246, 0.000000, 0.644925 
3.113557, 0.756077, 0.000000, 0.654483 
3.115558, 0.747789, 0.000000, 0.663937 
3.117559, 0.739382, 0.000000, 0.673286 
3.119560, 0.730859, 0.000000, 0.682528 
3.121561, 0.722221, 0.000000, 0.691663 
3.123562, 0.713468, 0.000000, 0.700688 
3.125563, 0.704602, 0.000000, 0.709603 
3.127564, 0.695625, 0.000000, 0.718405 
3.129565, 0.686538, 0.000000, 0.727094 
3.131566, 0.677342, 0.000000, 0.735668 
3.133567, 0.668040, 0.000000, 0.744126 
3.135568, 0.658632, 0.000000, 0.752466 
3.137569, 0.649119, 0.000000, 0.760687 
3.139570, 0.639504, 0.000000, 0.768787 
3.141571, 0.629788, 0.000000, 0.776767 
3.143572, 0.619973, 0.000000, 0.784623 
3.145573, 0.610059, 0.000000, 0.792356 
3.147574, 0.600049, 0.000000, 0.799963 
3.149575, 0.589945, 0.000000, 0.807444 
3.151576, 0.579747, 0.000000, 0.814797 
3.153577, 0.569457, 0.000000, 0.822021 
3.155578, 0.559077, 0.000000, 0.829116 
3.157579, 0.548609, 0.000000, 0.836079 
3.159580, 0.538054, 0.000000, 0.842910 
3.161581, 0.527414, 0.000000, 0.849608 
3.163582, 0.516691, 0.000000, 0.856172 
3.165583, 0.505886, 0.000000, 0.862600 
3.167584, 0.495001, 0.000000, 0.868892 
3.169585, 0.484038, 0.000000, 0.875047 
3.171586, 0.472999, 0.000000, 0.881063 
3.173587, 0.461884, 0.000000, 0.886940 
3.175588, 0.450697, 0.000000, 0.892677 
3.177589, 0.439438, 0.000000, 0.898273 
3.179590, 0.428110, 0.000000, 0.903727 
3.181591, 0.416714, 0.000000, 0.909038 
3.183592, 0.405253, 0.000000, 0.914205 
3.185593, 0.393727, 0.000000, 0.919227 
3.187594, 0.382139, 0.000000, 0.924105 
3.189595, 0.370491, 0.000000, 0.928836 
3.191596, 0.358784, 0.000000, 0.933421 
3.193597, 0.347020, 0.000000, 0.937858 
3.195598, 0.335202, 0.000000, 0.942146 
3.197599, 0.323330, 0.000000, 0.946286 
3.199600, 0.311407, 0.000000, 0.950276 
3.201601, 0.299436, 0.000000, 0.954116 
3.203602, 0.287417, 0.000000, 0.957806 
3.205603, 0.275352, 0.000000, 0.961343 
3.207604, 0.263244, 0.000000, 0.964729 
3.209605, 0.251094, 0.000000, 0.967963 
3.211606, 0.238905, 0.000000, 0.971043 
3.213607, 0.226678, 0.000000, 0.973970 
3.215608, 0.214415, 0.000000, 0.976743 
3.217609, 0.202118, 0.000000, 0.979361 
3.219610, 0.189789, 0.000000, 0.981825 
3.221611, 0.177430, 0.000000, 0.984133 
3.223612, 0.165043, 0.000000, 0.986286 
3.225613, 0.152630, 0.000000, 0.988283 
3.227614, 0.140193, 0.000000, 0.990124 
3.229615, 0.127734, 0.000000, 0.991808 
3.231616, 0.115255, 0.000000, 0.993336 
3.233617, 0.102757, 0.000000, 0.994706 
3.235618, 0.090243, 0.000000, 0.995920 
3.237619, 0.077715, 0.000000, 0.996976 
3.239620, 0.065174, 0.000000, 0.997874 
3.241621, 0.052624, 0.000000, 0.998614 
3.243622, 0.040065, 0.000000, 0.999197 
3.245623, 0.027499, 0.000000, 0.999622 
3.247624, 0.014929, 0.000000, 0.999889 
3.249625, 0.002357, 0.000000, 0.999997 
3.251626, -0.010215, 0.000000, 0.999948 
3.253627, -0.022786, 0.000000, 0.999740 
3.255628, -0.035353, 0.000000, 0.999375 
3.257629, -0.047915, 0.000000, 0.998851 
3.259630, -0.060469, 0.000000, 0.998170 
3.261631, -0.073014, 0.000000, 0.997331 
3.263632, -0.085547, 0.000000, 0.996334 
3.265633, -0.098066, 0.000000, 0.995180 
3.267634, -0.110570, 0.000000, 0.993868 
3.269635, -0.123056, 0.000000, 0.992400 
3.271636, -0.135524, 0.000000, 0.990774 
3.273637, -0.147969, 0.000000, 0.988992 
3.275638, -0.160391, 0.000000, 0.987053 
3.277639, -0.172788, 0.000000, 0.984959 
3.279640, -0.185158, 0.000000, 0.982709 
3.281641, -0.197498, 0.000000, 0.980303 
3.283642, -0.209807, 0.000000, 0.977743 
3.285643, -0.222083, 0.000000, 0.975028 
3.287644, -0.234324, 0.000000, 0.972159 
3.289645, -0.246528, 0.000000, 0.969136 
3.291646, -0.258693, 0.000000, 0.965960 
3.293647, -0.270816, 0.000000, 0.962631 
3.295648, -0.282898, 0.000000, 0.959150 
3.297649, -0.294934, 0.000000, 0.955518 
3.299650, -0.306924, 0.000000, 0.951734 
3.301651, -0.318865, 0.000000, 0.947800 
3.303652, -0.330756, 0.000000, 0.943716 
3.305653, -0.342594, 0.000000, 0.939483 
3.307654, -0.354379, 0.000000, 0.935102 
3.309655, -0.366107, 0.000000, 0.930573 
3.311656, -0.377778, 0.000000, 0.925896 
3.313657, -0.389389, 0.000000, 0.921074 
3.315658, -0.400938, 0.000000, 0.916105 
3.317659, -0.412424, 0.000000, 0.910992 
3.319660, -0.423844, 0.000000, 0.905735 
3.321661, -0.435198, 0.000000, 0.900335 
3.323662, -0.446483, 0.000000, 0.894792 
3.325663, -0.457697, 0.000000, 0.889108 
3.327664, -0.468839, 0.000000, 0.883283 
3.329665, -0.479907, 0.000000, 0.877319 
3.331666, -0.490899, 0.000000, 0.871216 
3.333667, -0.501814, 0.000000, 0.864976 
3.335668, -0.512649, 0.000000, 0.858598 
3.337669, -0.523403, 0.000000, 0.852085 
3.339670, -0.534074, 0.000000, 0.845438 
3.341671, -0.544661, 0.000000, 0.838656 
3.343672, -0.555162, 0.000000, 0.831742 
3.345673, -0.565575, 0.000000, 0.824697 
3.347674, -0.575899, 0.000000, 0.817521 
3.349675, -0.586131, 0.000000, 0.810216 
3.351676, -0.596271, 0.000000, 0.802783 
3.353677, -0.606317, 0.000000, 0.795223 
3.355678, -0.616267, 0.000000, 0.787537 
3.357679, -0.626119, 0.000000, 0.779727 
3.359680, -0.635873, 0.000000, 0.771794 
3.361681, -0.645526, 0.000000, 0.763739 
3.363682, -0.655077, 0.000000, 0.755562 
3.365683, -0.664524, 0.000000, 0.747267 
3.367684, -0.673866, 0.000000, 0.738853 
3.369685, -0.683102, 0.000000, 0.730323 
3.371686, -0.692230, 0.000000, 0.721677 
3.373687, -0.701249, 0.000000, 0.712917 
3.375688, -0.710156, 0.000000, 0.704044 
3.377689, -0.718952, 0.000000, 0.695060 
3.379690, -0.727633, 0.000000, 0.685966 
3.381691, -0.736200, 0.000000, 0.676764 
3.383692, -0.744650, 0.000000, 0.667455 
3.385693, -0.752983, 0.000000, 0.658040 
3.387694, -0.761196, 0.000000, 0.648521 
3.389695, -0.769290, 0.000000, 0.638900 
3.391696, -0.777261, 0.000000, 0.629178 
3.393697, -0.785110, 0.000000, 0.619356 
3.395698, -0.792835, 0.000000, 0.609437 
3.397699, -0.800434, 0.000000, 0.599421 
3.399700, -0.807907, 0.000000, 0.589310 
3.401701, -0.815252, 0.000000, 0.579106 
3.403702, -0.822468, 0.000000, 0.568811 
3.405703, -0.829555, 0.000000, 0.558425 
3.407704, -0.836510, 0.000000, 0.547952 
3.409705, -0.843333, 0.000000, 0.537392 
3.411706, -0.850022, 0.000000, 0.526747 
3.413707, -0.856578, 0.000000, 0.516018 
3.415708, -0.862998, 0.000000, 0.505208 
3.417709, -0.869281, 0.000000, 0.494318 
3.419710, -0.875427, 0.000000, 0.483350 
3.421711, -0.881435, 0.000000, 0.472306 
3.423712, -0.887303, 0.000000, 0.461187 
3.425713, -0.893031, 0.000000, 0.449995 
3.427714, -0.898618, 0.000000, 0.438732 
3.429715, -0.904063, 0.000000, 0.427400 
3.431716, -0.909365, 0.000000, 0.416000 
3.433717, -0.914523, 0.000000, 0.404534 
3.435718, -0.919537, 0.000000, 0.393004 
3.437719, -0.924405, 0.000000, 0.381413 
3.439720, -0.929127, 0.000000, 0.369761 
3.441721, -0.933702, 0.000000, 0.358050 
3.443722, -0.938130, 0.000000, 0.346283 
3.445723, -0.942410, 0.000000, 0.334461 
3.447724, -0.946540, 0.000000, 0.322586 
3.449725, -0.950521, 0.000000, 0.310661 
3.451726, -0.954351, 0.000000, 0.298686 
3.453727, -0.958031, 0.000000, 0.286664 
3.455728, -0.961560, 0.000000, 0.274596 
3.457729, -0.964936, 0.000000, 0.262486 
3.459730, -0.968160, 0.000000, 0.250334 
3.461731, -0.971230, 0.000000, 0.238142 
3.463732, -0.974148, 0.000000, 0.225912 
3.465733, -0.976911, 0.000000, 0.213647 
3.467734, -0.979520, 0.000000, 0.201348 
3.469735, -0.981974, 0.000000, 0.189017 
3.471736, -0.984273, 0.000000, 0.176657 
3.473737, -0.986416, 0.000000, 0.164268 
3.475738, -0.988403, 0.000000, 0.151854 
3.477739, -0.990234, 0.000000, 0.139415 
3.479740, -0.991909, 0.000000, 0.126955 
3.481741, -0.993426, 0.000000, 0.114474 
3.483742, -0.994787, 0.000000, 0.101975 
3.485743, -0.995990, 0.000000, 0.089460 
3.487744, -0.997036, 0.000000, 0.076931 
3.489745, -0.997925, 0.000000, 0.064390 
3.491746, -0.998655, 0.000000, 0.051839 
3.493747, -0.999228, 0.000000, 0.039279 
3.495748, -0.999643, 0.000000, 0.026714 
3.497749, -0.999900, 0.000000, 0.014144 
3.499750, -0.999999, 0.000000, 0.001572 
3.501751, -0.999939, 0.000000, -0.011001 
3.503752, -0.999722, 0.000000, -0.023572 
3.505753, -0.999347, 0.000000, -0.036139 
3.507754, -0.998813, 0.000000, -0.048700 
3.509755, -0.998122, 0.000000, -0.061253 
3.511756, -0.997273, 0.000000, -0.073797 
3.513757, -0.996267, 0.000000, -0.086329 
3.515758, -0.995103, 0.000000, -0.098848 
3.517759, -0.993781, 0.000000, -0.111351 
3.519760, -0.992303, 0.000000, -0.123836 
3.521761, -0.990667, 0.000000, -0.136302 
3.523762, -0.988875, 0.000000, -0.148746 
3.525763, -0.986927, 0.000000, -0.161167 
3.527764, -0.984823, 0.000000, -0.173562 
3.529765, -0.982563, 0.000000, -0.185930 
3.531766, -0.980148, 0.000000, -0.198268 
3.533767, -0.977578, 0.000000, -0.210575 
3.535768, -0.974853, 0.000000, -0.222849 
3.537769, -0.971974, 0.000000, -0.235088 
3.539770, -0.968942, 0.000000, -0.247289 
3.541771, -0.965756, 0.000000, -0.259452 
3.543772, -0.962418, 0.000000, -0.271573 
3.545773, -0.958928, 0.000000, -0.283651 
3.547774, -0.955286, 0.000000, -0.295685 
3.549775, -0.951493, 0.000000, -0.307671 
3.551776, -0.947549, 0.000000, -0.319610 
3.553777, -0.943456, 0.000000, -0.331497 
3.555778, -0.939214, 0.000000, -0.343333 
3.557779, -0.934823, 0.000000, -0.355113 
3.559780, -0.930285, 0.000000, -0.366838 
3.561781, -0.925599, 0.000000, -0.378505 
3.563782, -0.920767, 0.000000, -0.390112 
3.565783, -0.915790, 0.000000, -0.401658 
3.567784, -0.910668, 0.000000, -0.413139 
3.569785, -0.905402, 0.000000, -0.424556 
3.571786, -0.899992, 0.000000, -0.435905 
3.573787, -0.894441, 0.000000, -0.447186 
3.575788, -0.888748, 0.000000, -0.458396 
3.577789, -0.882915, 0.000000, -0.469533 
3.579790, -0.876942, 0.000000, -0.480596 
3.581791, -0.870830, 0.000000, -0.491584 
3.583792, -0.864581, 0.000000, -0.502493 
3.585793, -0.858195, 0.000000, -0.513323 
3.587794, -0.851674, 0.000000, -0.524072 
3.589795, -0.845018, 0.000000, -0.534738 
3.591796, -0.838228, 0.000000, -0.545320 
3.593797, -0.831306, 0.000000, -0.555815 
3.595798, -0.824252, 0.000000, -0.566223 
3.597799, -0.817068, 0.000000, -0.576541 
3.599800, -0.809755, 0.000000, -0.586768 
3.601801, -0.802314, 0.000000, -0.596902 
3.603802, -0.794746, 0.000000, -0.606942 
3.605803, -0.787053, 0.000000, -0.616885 
3.607804, -0.779235, 0.000000, -0.626732 
3.609805, -0.771294, 0.000000, -0.636479 
3.611806, -0.763231, 0.000000, -0.646126 
3.613807, -0.755047, 0.000000, -0.655670 
3.615808, -0.746744, 0.000000, -0.665111 
3.617809, -0.738323, 0.000000, -0.674447 
3.619810, -0.729786, 0.000000, -0.683676 
3.621811, -0.721133, 0.000000, -0.692797 
3.623812, -0.712366, 0.000000, -0.701809 
3.625813, -0.703486, 0.000000, -0.710709 
3.627814, -0.694495, 0.000000, -0.719497 
3.629815, -0.685394, 0.000000, -0.728172 
3.631816, -0.676185, 0.000000, -0.736731 
3.633817, -0.666870, 0.000000, -0.745174 
3.635818, -0.657448, 0.000000, -0.753500 
3.637819, -0.647923, 0.000000, -0.761706 
3.639820, -0.638295, 0.000000, -0.769791 
3.641821, -0.628567, 0.000000, -0.777755 
3.643822, -0.618739, 0.000000, -0.785597 
3.645823, -0.608813, 0.000000, -0.793313 
3.647824, -0.598791, 0.000000, -0.800905 
3.649825, -0.588675, 0.000000, -0.808370 
3.651826, -0.578465, 0.000000, -0.815707 
3.653827, -0.568164, 0.000000, -0.822915 
3.655828, -0.557773, 0.000000, -0.829993 
3.657829, -0.547294, 0.000000, -0.836940 
3.659830, -0.536729, 0.000000, -0.843755 
3.661831, -0.526078, 0.000000, -0.850436 
3.663832, -0.515345, 0.000000, -0.856983 
3.665833, -0.504530, 0.000000, -0.863394 
3.667834, -0.493635, 0.000000, -0.869669 
3.669835, -0.482662, 0.000000, -0.875807 
3.671836, -0.471613, 0.000000, -0.881805 
3.673837, -0.460490, 0.000000, -0.887665 
3.675838, -0.449293, 0.000000, -0.893384 
3.677839, -0.438026, 0.000000, -0.898962 
3.679840, -0.426689, 0.000000, -0.904398 
3.681841, -0.415285, 0.000000, -0.909691 
3.683842, -0.403815, 0.000000, -0.914841 
3.685843, -0.392282, 0.000000, -0.919845 
3.687844, -0.380686, 0.000000, -0.924704 
3.689845, -0.369030, 0.000000, -0.929417 
3.691846, -0.357316, 0.000000, -0.933983 
3.693847, -0.345546, 0.000000, -0.938402 
3.695848, -0.333720, 0.000000, -0.942672 
3.697849, -0.321842, 0.000000, -0.946793 
3.699850, -0.309914, 0.000000, -0.950765 
3.701851, -0.297936, 0.000000, -0.954586 
3.703852, -0.285911, 0.000000, -0.958256 
3.705853, -0.273841, 0.000000, -0.961775 
3.707854, -0.261727, 0.000000, -0.965142 
3.709855, -0.249573, 0.000000, -0.968356 
3.711856, -0.237378, 0.000000, -0.971417 
3.713857, -0.225147, 0.000000, -0.974325 
3.715858, -0.212879, 0.000000, -0.977078 
3.717859, -0.200578, 0.000000, -0.979678 
3.719860, -0.188246, 0.000000, -0.982122 
3.721861, -0.175883, 0.000000, -0.984411 
3.723862, -0.163493, 0.000000, -0.986544 
3.725863, -0.151077, 0.000000, -0.988522 
3.727864, -0.138637, 0.000000, -0.990343 
3.729865, -0.126175, 0.000000, -0.992008 
3.731866, -0.113693, 0.000000, -0.993516 
3.733867, -0.101194, 0.000000, -0.994867 
3.735868, -0.088678, 0.000000, -0.996060 
3.737869, -0.076148, 0.000000, -0.997097 
3.739870, -0.063606, 0.000000, -0.997975 
3.741871, -0.051054, 0.000000, -0.998696 
3.743872, -0.038494, 0.000000, -0.999259 
3.745873, -0.025928, 0.000000, -0.999664 
3.747874, -0.013358, 0.000000, -0.999911 
3.749875, -0.000786, 0.000000, -1.000000 
3.751876, 0.011787, 0.000000, -0.999931 
3.753877, 0.024357, 0.000000, -0.999703 
3.755878, 0.036924, 0.000000, -0.999318 
3.757879, 0.049485, 0.000000, -0.998775 
3.759880, 0.062038, 0.000000, -0.998074 
3.761881, 0.074581, 0.000000, -0.997215 
3.763882, 0.087112, 0.000000, -0.996199 
3.765883, 0.099630, 0.000000, -0.995025 
3.767884, 0.112132, 0.000000, -0.993693 
3.769885, 0.124616, 0.000000, -0.992205 
3.771886, 0.137080, 0.000000, -0.990560 
3.773887, 0.149523, 0.000000, -0.988758 
3.775888, 0.161942, 0.000000, -0.986800 
3.777889, 0.174336, 0.000000, -0.984686 
3.779890, 0.186702, 0.000000, -0.982417 
3.781891, 0.199039, 0.000000, -0.979992 
3.783892, 0.211344, 0.000000, -0.977412 
3.785893, 0.223615, 0.000000, -0.974678 
3.787894, 0.235851, 0.000000, -0.971789 
3.789895, 0.248051, 0.000000, -0.968747 
3.791896, 0.260210, 0.000000, -0.965552 
3.793897, 0.272329, 0.000000, -0.962204 
3.795898, 0.284405, 0.000000, -0.958704 
3.797899, 0.296435, 0.000000, -0.955053 
3.799900, 0.308419, 0.000000, -0.951251 
3.801901, 0.320354, 0.000000, -0.947298 
3.803902, 0.332239, 0.000000, -0.943195 
3.805903, 0.344070, 0.000000, -0.938944 
3.807904, 0.355848, 0.000000, -0.934544 
3.809905, 0.367569, 0.000000, -0.929996 
3.811906, 0.379232, 0.000000, -0.925301 
3.813907, 0.390836, 0.000000, -0.920460 
3.815908, 0.402377, 0.000000, -0.915474 
3.817909, 0.413855, 0.000000, -0.910343 
3.819910, 0.425267, 0.000000, -0.905068 
3.821911, 0.436612, 0.000000, -0.899650 
3.823912, 0.447889, 0.000000, -0.894089 
3.825913, 0.459094, 0.000000, -0.888388 
3.827914, 0.470227, 0.000000, -0.882546 
3.829915, 0.481285, 0.000000, -0.876564 
3.831916, 0.492268, 0.000000, -0.870444 
3.833917, 0.503172, 0.000000, -0.864186 
3.835918, 0.513997, 0.000000, -0.857792 
3.837919, 0.524741, 0.000000, -0.851262 
3.839920, 0.535402, 0.000000, -0.844597 
3.841921, 0.545978, 0.000000, -0.837799 
3.843922, 0.556468, 0.000000, -0.830869 
3.845923, 0.566870, 0.000000, -0.823807 
3.847924, 0.577183, 0.000000, -0.816615 
3.849925, 0.587404, 0.000000, -0.809294 
3.851926, 0.597532, 0.000000, -0.801845 
3.853927, 0.607566, 0.000000, -0.794269 
3.855928, 0.617504, 0.000000, -0.786568 
3.857929, 0.627344, 0.000000, -0.778742 
3.859930, 0.637085, 0.000000, -0.770794 
3.861931, 0.646725, 0.000000, -0.762723 
3.863932, 0.656263, 0.000000, -0.754532 
3.865933, 0.665698, 0.000000, -0.746222 
3.867934, 0.675027, 0.000000, -0.737793 
3.869935, 0.684249, 0.000000, -0.729248 
3.871936, 0.693363, 0.000000, -0.720588 
3.873937, 0.702368, 0.000000, -0.711814 
3.875938, 0.711262, 0.000000, -0.702927 
3.877939, 0.720043, 0.000000, -0.693929 
3.879940, 0.728710, 0.000000, -0.684822 
3.881941, 0.737263, 0.000000, -0.675606 
3.883942, 0.745698, 0.000000, -0.666284 
3.885943, 0.754016, 0.000000, -0.656856 
3.887944, 0.762215, 0.000000, -0.647324 
3.889945, 0.770293, 0.000000, -0.637690 
3.891946, 0.778249, 0.000000, -0.627956 
3.893947, 0.786083, 0.000000, -0.618122 
3.895948, 0.793792, 0.000000, -0.608190 
3.897949, 0.801375, 0.000000, -0.598162 
3.899950, 0.808832, 0.000000, -0.588040 
3.901951, 0.816161, 0.000000, -0.577824 
3.903952, 0.823361, 0.000000, -0.567517 
3.905953, 0.830431, 0.000000, -0.557121 
3.907954, 0.837370, 0.000000, -0.546637 
3.909955, 0.844176, 0.000000, -0.536066 
3.911956, 0.850849, 0.000000, -0.525410 
3.913957, 0.857388, 0.000000, -0.514671 
3.915958, 0.863790, 0.000000, -0.503851 
3.917959, 0.870057, 0.000000, -0.492952 
3.919960, 0.876186, 0.000000, -0.481974 
3.921961, 0.882176, 0.000000, -0.470920 
3.923962, 0.888027, 0.000000, -0.459792 
3.925963, 0.893737, 0.000000, -0.448591 
3.927964, 0.899306, 0.000000, -0.437319 
3.929965, 0.904733, 0.000000, -0.425978 
3.931966, 0.910017, 0.000000, -0.414570 
3.933967, 0.915158, 0.000000, -0.403096 
3.935968, 0.920153, 0.000000, -0.391559 
3.937969, 0.925003, 0.000000, -0.379959 
3.939970, 0.929707, 0.000000, -0.368300 
3.941971, 0.934264, 0.000000, -0.356582 
3.943972, 0.938673, 0.000000, -0.344808 
3.945973, 0.942934, 0.000000, -0.332980 
3.947974, 0.947046, 0.000000, -0.321098 
3.949975, 0.951008, 0.000000, -0.309166 
3.951976, 0.954820, 0.000000, -0.297186 
3.953977, 0.958481, 0.000000, -0.285158 
3.955978, 0.961990, 0.000000, -0.273085 
3.957979, 0.965347, 0.000000, -0.260969 
3.959980, 0.968552, 0.000000, -0.248812 
3.961981, 0.971603, 0.000000, -0.236615 
3.963982, 0.974501, 0.000000, -0.224381 
3.965983, 0.977245, 0.000000, -0.212112 
3.967984, 0.979835, 0.000000, -0.199809 
3.969985, 0.982270, 0.000000, -0.187474 
3.971986, 0.984549, 0.000000, -0.175110 
3.973987, 0.986673, 0.000000, -0.162718 
3.975988, 0.988640, 0.000000, -0.150300 
3.977989, 0.990452, 0.000000, -0.137859 
3.979990, 0.992107, 0.000000, -0.125396 
3.981991, 0.993605, 0.000000, -0.112913 
3.983992, 0.994946, 0.000000, -0.100412 
3.985993, 0.996130, 0.000000, -0.087895 
3.987994, 0.997156, 0.000000, -0.075364 
3.989995, 0.998025, 0.000000, -0.062822 
3.991996, 0.998736, 0.000000, -0.050269 
3.993997, 0.999289, 0.000000, -0.037709 
3.995998, 0.999684, 0.000000, -0.025143 
3.997999, 0.999921, 0.000000, -0.012572 
4.000000, 1.000000, 0.000000, -0.000000 
